            1
   1.5519480E-03  1.5807779E-03  1.6079749E-03  1.6345468E-03  1.6600995E-03
   1.6844962E-03  1.7078265E-03  1.7303453E-03  1.7523902E-03  1.7724059E-03
   1.7925039E-03  1.8111486E-03  1.8294798E-03  1.8480395E-03
   0.5683823      0.5702824      0.5722671      0.5720819      0.5714429
   0.5707556      0.5696952      0.5683091      0.5660378      0.5654424
   0.5632685      0.5620886      0.5601858      0.5567983

            2
   2.7857325E-03  2.7684746E-03  2.7531162E-03  2.7398111E-03  2.7280839E-03
   2.7187143E-03  2.7109534E-03  2.7048821E-03  2.6999235E-03  2.6965335E-03
   2.6943579E-03  2.6933665E-03  2.6931891E-03  2.6938913E-03
   0.5671242      0.5623816      0.5579332      0.5538900      0.5504095
   0.5465387      0.5430227      0.5396784      0.5369314      0.5340382
   0.5314256      0.5287179      0.5262889      0.5240763

            3
   4.4269054E-04  4.4267040E-04  4.4316324E-04  4.4307960E-04  4.4271097E-04
   4.4289578E-04  4.4315562E-04  4.4335763E-04  4.4312963E-04  4.4272683E-04
   4.4191157E-04  4.4155002E-04  4.4065618E-04  4.3937727E-04
    1.518904       1.551518       1.409007       1.429530       1.453277
    1.336169       1.240424       1.114447       1.077793       1.010747
    1.003199      0.9616742      0.9475721      0.9694701

            4
   0.0000000E+00  0.0000000E+00  0.0000000E+00  0.0000000E+00  0.0000000E+00
   0.0000000E+00  0.0000000E+00  0.0000000E+00  0.0000000E+00  0.0000000E+00
   0.0000000E+00  0.0000000E+00  0.0000000E+00  0.0000000E+00
   0.0000000E+00  0.0000000E+00  0.0000000E+00  0.0000000E+00  0.0000000E+00
   0.0000000E+00  0.0000000E+00  0.0000000E+00  0.0000000E+00  0.0000000E+00
   0.0000000E+00  0.0000000E+00  0.0000000E+00  0.0000000E+00

            5
   0.0000000E+00  0.0000000E+00  0.0000000E+00  0.0000000E+00  0.0000000E+00
   0.0000000E+00  0.0000000E+00  0.0000000E+00  0.0000000E+00  0.0000000E+00
   0.0000000E+00  0.0000000E+00  0.0000000E+00  0.0000000E+00
   0.0000000E+00  0.0000000E+00  0.0000000E+00  0.0000000E+00  0.0000000E+00
   0.0000000E+00  0.0000000E+00  0.0000000E+00  0.0000000E+00  0.0000000E+00
   0.0000000E+00  0.0000000E+00  0.0000000E+00  0.0000000E+00

            6
   0.0000000E+00  0.0000000E+00  0.0000000E+00  0.0000000E+00  0.0000000E+00
   0.0000000E+00  0.0000000E+00  0.0000000E+00  0.0000000E+00  0.0000000E+00
   0.0000000E+00  0.0000000E+00  0.0000000E+00  0.0000000E+00
   0.0000000E+00  0.0000000E+00  0.0000000E+00  0.0000000E+00  0.0000000E+00
   0.0000000E+00  0.0000000E+00  0.0000000E+00  0.0000000E+00  0.0000000E+00
   0.0000000E+00  0.0000000E+00  0.0000000E+00  0.0000000E+00

            7
   7.2470662E-04  7.5210404E-04  7.8055030E-04  8.0968963E-04  8.4028993E-04
   8.7184901E-04  9.0460852E-04  9.3890011E-04  9.7448862E-04  1.0112786E-03
   1.0496456E-03  1.0890970E-03  1.1303759E-03  1.1731471E-03
   0.2146997      0.2154827      0.2171668      0.2202674      0.2239729
   0.2288539      0.2345873      0.2408365      0.2477890      0.2553180
   0.2629477      0.2710893      0.2789354      0.2865913

            8
   4.1832688E-04  4.6984656E-04  5.2554591E-04  5.8638758E-04  6.5130333E-04
   7.2171411E-04  7.9796161E-04  8.7996142E-04  9.6773013E-04  1.0616861E-03
   1.1621240E-03  1.2684085E-03  1.3804807E-03  1.4985971E-03
   0.1522662      0.1594922      0.1673280      0.1749793      0.1833152
   0.1908400      0.1970881      0.2023663      0.2067669      0.2100935
   0.2122974      0.2138521      0.2150611      0.2156736

            9
   9.7020706E-03  1.0151158E-02  1.0620092E-02  1.1093169E-02  1.1580134E-02
   1.2077820E-02  1.2598634E-02  1.3131817E-02  1.3677842E-02  1.4251024E-02
   1.4846712E-02  1.5461563E-02  1.6101219E-02  1.6756168E-02
   0.3193414      0.3210167      0.3211499      0.3232265      0.3250713    
   0.3276815      0.3294964      0.3322491      0.3359719      0.3390484    
   0.3425435      0.3464846      0.3507166      0.3560115    

           10
   2.8249437E-02  3.3537269E-02  3.9523318E-02  4.6311066E-02  5.3987678E-02
   6.2557019E-02  7.2148748E-02  8.2871214E-02  9.4773158E-02  0.1079713    
   0.1226606      0.1390346      0.1574762      0.1784919    
   0.1920516      0.1890602      0.1861500      0.1826924      0.1788151    
   0.1751852      0.1717393      0.1686117      0.1660777      0.1641387    
   0.1626000      0.1613306      0.1599550      0.1580988    

           11
    53.01960       64.36143       77.18701       90.84820       103.5925    
    115.8196       125.5911       132.1346       135.3350       135.5120    
    133.3667       129.6444       125.0065       120.0036    
   4.3622401E-02  3.8265355E-02  3.4068730E-02  3.1008331E-02  2.9267734E-02
   2.8254112E-02  2.8243223E-02  2.9224118E-02  3.1191679E-02  3.4187540E-02
   3.8260415E-02  4.3489382E-02  4.9974885E-02  5.7818484E-02

           12
    1371.358       884.7188       649.9457       518.3511       431.1946
    369.7012       323.9979       288.9745       261.5079       239.7231
    222.2506       208.0421       196.4107       186.8891
   1.4094914E-02  2.3200193E-02  3.3516988E-02  4.4553772E-02  5.6771152E-02
   7.0183247E-02  8.4902361E-02  0.1009537      0.1183546      0.1370198
   0.1568856      0.1779460      0.2001414      0.2233332

           13
    200.1021       159.2079       103.0100       53.89722       34.51468
    24.87824       19.22311       15.55853       13.02257       11.19110
    9.824145       8.778409       7.960618       7.312443
   2.3115578E-03  3.0604091E-03  4.9912552E-03  1.0126942E-02  1.6822698E-02
   2.4866348E-02  3.4343284E-02  4.5360573E-02  5.8035664E-02  7.2442979E-02
   8.8659674E-02  0.1067507      0.1268106      0.1488704

           14
   3.9775291E-04  5.2375550E-04  7.0253242E-04  9.4840821E-04  1.2767356E-03
   1.7045266E-03  2.2521305E-03  2.9404333E-03  3.7929353E-03  4.8282677E-03
   6.0637956E-03  7.5089931E-03  9.1637522E-03  1.1025943E-02
    1.667523      0.9137247      0.6264377      0.4745670      0.3841301
   0.3250117      0.2820814      0.2495905      0.2245988      0.2059160
   0.1920504      0.1822270      0.1758689      0.1722754

           15
   6.9147231E-05  7.3588606E-05  7.9804253E-05  8.7877852E-05  9.8339886E-05
   1.1159931E-04  1.2773725E-04  1.4730796E-04  1.7069992E-04  1.9804042E-04
   2.2973203E-04  2.6595491E-04  3.0698240E-04  3.5301127E-04
   0.7817543      0.7067173      0.6162358      0.6083965      0.5841351
   0.5418745      0.5173574      0.4843579      0.4459487      0.4140580
   0.3854425      0.3609352      0.3397774      0.3205524

           16
   1.6671294E-04  2.1305434E-04  2.6748882E-04  3.3038622E-04  4.0205620E-04
   4.8262655E-04  5.7236844E-04  6.7134568E-04  7.7977410E-04  8.9767593E-04
   1.0253942E-03  1.1628955E-03  1.3105425E-03  1.4686332E-03
   0.3431614      0.3308180      0.3165196      0.3024802      0.2887812
   0.2765858      0.2642298      0.2526020      0.2412726      0.2303077
   0.2194371      0.2089467      0.1986542      0.1885785

           17
   0.0000000E+00  0.0000000E+00  0.0000000E+00  0.0000000E+00  0.0000000E+00
   0.0000000E+00  0.0000000E+00  0.0000000E+00  0.0000000E+00  0.0000000E+00
   0.0000000E+00  0.0000000E+00  0.0000000E+00  0.0000000E+00
   0.0000000E+00  0.0000000E+00  0.0000000E+00  0.0000000E+00  0.0000000E+00
   0.0000000E+00  0.0000000E+00  0.0000000E+00  0.0000000E+00  0.0000000E+00
   0.0000000E+00  0.0000000E+00  0.0000000E+00  0.0000000E+00

           18
   0.0000000E+00  0.0000000E+00  0.0000000E+00  0.0000000E+00  0.0000000E+00
   0.0000000E+00  0.0000000E+00  0.0000000E+00  0.0000000E+00  0.0000000E+00
   0.0000000E+00  0.0000000E+00  0.0000000E+00  0.0000000E+00
   0.0000000E+00  0.0000000E+00  0.0000000E+00  0.0000000E+00  0.0000000E+00
   0.0000000E+00  0.0000000E+00  0.0000000E+00  0.0000000E+00  0.0000000E+00
   0.0000000E+00  0.0000000E+00  0.0000000E+00  0.0000000E+00

           19
   0.0000000E+00  0.0000000E+00  0.0000000E+00  0.0000000E+00  0.0000000E+00
   0.0000000E+00  0.0000000E+00  0.0000000E+00  0.0000000E+00  0.0000000E+00
   0.0000000E+00  0.0000000E+00  0.0000000E+00  0.0000000E+00
   0.0000000E+00  0.0000000E+00  0.0000000E+00  0.0000000E+00  0.0000000E+00
   0.0000000E+00  0.0000000E+00  0.0000000E+00  0.0000000E+00  0.0000000E+00
   0.0000000E+00  0.0000000E+00  0.0000000E+00  0.0000000E+00

           20
   0.0000000E+00  0.0000000E+00  0.0000000E+00  0.0000000E+00  0.0000000E+00
   0.0000000E+00  0.0000000E+00  0.0000000E+00  0.0000000E+00  0.0000000E+00
   0.0000000E+00  0.0000000E+00  0.0000000E+00  0.0000000E+00
   0.0000000E+00  0.0000000E+00  0.0000000E+00  0.0000000E+00  0.0000000E+00
   0.0000000E+00  0.0000000E+00  0.0000000E+00  0.0000000E+00  0.0000000E+00
   0.0000000E+00  0.0000000E+00  0.0000000E+00  0.0000000E+00

           21
   8.3402811E-05  8.8666951E-05  9.4490431E-05  1.0099013E-04  1.0803193E-04
   1.1538949E-04  1.2322773E-04  1.3143913E-04  1.4005692E-04  1.4913947E-04
   1.5846445E-04  1.6793908E-04  1.7775795E-04  1.8754367E-04
   0.2396442      0.2577520      0.2732559      0.2820645      0.2862045
   0.2968904      0.3024932      0.3084880      0.3111092      0.3084331
   0.3065266      0.3063936      0.3022954      0.3010671

           22
   2.1016516E-03  2.1205207E-03  2.1419618E-03  2.1666230E-03  2.1942786E-03
   2.2252433E-03  2.2600072E-03  2.2988089E-03  2.3415522E-03  2.3890547E-03
   2.4410596E-03  2.4981280E-03  2.5600253E-03  2.6276438E-03
   0.8927768      0.9262862      0.9626173       1.001647       1.044517
    1.091521       1.141936       1.195577       1.252566       1.310454
    1.369497       1.426872       1.482036       1.531120

           23
   1.5327680E-02  1.7197711E-02  1.9442728E-02  2.2088246E-02  2.5176954E-02
   2.8737890E-02  3.2787692E-02  3.7380494E-02  4.2511102E-02  4.8210815E-02
   5.4498877E-02  6.1388128E-02  6.8885498E-02  7.7006735E-02
   0.9748557      0.8608316      0.7591653      0.6738328      0.6035382    
   0.5476310      0.5048167      0.4718498      0.4481078      0.4316087    
   0.4211113      0.4155988      0.4142580      0.4162725    

           24
    1.674108       1.513070       1.392128       1.300839       1.231417    
    1.178530       1.137910       1.106730       1.082932       1.064754    
    1.050922       1.040582       1.032878       1.027356    
   0.1600071      0.1922115      0.2261315      0.2609020      0.2958149    
   0.3302129      0.3637643      0.3962000      0.4273612      0.4573213    
   0.4862570      0.5142967      0.5417805      0.5689020    

           25
    200.1021       159.2079       103.0100       53.89722       34.51468    
    24.87824       19.22311       15.55853       13.02257       11.19110    
    9.824145       8.778409       7.960618       7.312443    
   2.3115578E-03  3.0604091E-03  4.9912552E-03  1.0126942E-02  1.6822698E-02
   2.4866348E-02  3.4343284E-02  4.5360573E-02  5.8035664E-02  7.2442979E-02
   8.8659674E-02  0.1067507      0.1268106      0.1488704    

           26
    59.26308       49.50462       39.64333       25.00444       16.80557    
    12.51816       9.936055       8.207350       6.986585       6.076404    
    5.371893       4.813178       4.362401       3.994665    
   8.5651840E-04  1.0907400E-03  1.4465363E-03  2.4359187E-03  3.8482316E-03
   5.4813409E-03  7.3228506E-03  9.3977451E-03  1.1700227E-02  1.4257289E-02
   1.7092800E-02  2.0221621E-02  2.3653021E-02  2.7385788E-02

           27
    61.51851       58.86317       61.61840       57.24342       71.74066
    82.45513       80.91793       63.06225       61.48993       67.51794
    54.92672       47.05609       43.27545       29.37976
   3.8726375E-04  4.4560622E-04  4.6592188E-04  5.4611603E-04  4.7217976E-04
   4.4368143E-04  4.8711902E-04  6.7242660E-04  7.4061326E-04  7.2337734E-04
   9.5327309E-04  1.1917647E-03  1.3863407E-03  2.1855142E-03

           28
   2.1946726E-04  2.4305978E-04  2.6957851E-04  2.9954768E-04  3.3349774E-04
   3.7190565E-04  4.1542988E-04  4.6432609E-04  5.1928335E-04  5.8054744E-04
   6.4836250E-04  7.2306662E-04  8.0507307E-04  8.9396426E-04
   0.1222936      0.1444463      0.1728264      0.2081444      0.2514162
   0.3025786      0.3596926      0.4209152      0.4806798      0.5344135
   0.5779787      0.6083332      0.6239049      0.6280901

           29
   2.1288372E-03  2.1240639E-03  2.1182664E-03  2.1136224E-03  2.1092263E-03
   2.1075683E-03  2.1047979E-03  2.1025306E-03  2.1012900E-03  2.1012735E-03
   2.0992942E-03  2.0982688E-03  2.0970535E-03  2.0959976E-03
   0.2461741      0.2496169      0.2553184      0.2597400      0.2645316    
   0.2650467      0.2678407      0.2700753      0.2708741      0.2696869    
   0.2724778      0.2730238      0.2746799      0.2759166    

           30
   0.0000000E+00  0.0000000E+00  0.0000000E+00  0.0000000E+00  0.0000000E+00
   0.0000000E+00  0.0000000E+00  0.0000000E+00  0.0000000E+00  0.0000000E+00
   0.0000000E+00  0.0000000E+00  0.0000000E+00  0.0000000E+00
   0.0000000E+00  0.0000000E+00  0.0000000E+00  0.0000000E+00  0.0000000E+00
   0.0000000E+00  0.0000000E+00  0.0000000E+00  0.0000000E+00  0.0000000E+00
   0.0000000E+00  0.0000000E+00  0.0000000E+00  0.0000000E+00

           31
   0.0000000E+00  0.0000000E+00  0.0000000E+00  0.0000000E+00  0.0000000E+00
   0.0000000E+00  0.0000000E+00  0.0000000E+00  0.0000000E+00  0.0000000E+00
   0.0000000E+00  0.0000000E+00  0.0000000E+00  0.0000000E+00
   0.0000000E+00  0.0000000E+00  0.0000000E+00  0.0000000E+00  0.0000000E+00
   0.0000000E+00  0.0000000E+00  0.0000000E+00  0.0000000E+00  0.0000000E+00
   0.0000000E+00  0.0000000E+00  0.0000000E+00  0.0000000E+00    

           32
   0.0000000E+00  0.0000000E+00  0.0000000E+00  0.0000000E+00  0.0000000E+00
   0.0000000E+00  0.0000000E+00  0.0000000E+00  0.0000000E+00  0.0000000E+00
   0.0000000E+00  0.0000000E+00  0.0000000E+00  0.0000000E+00
   0.0000000E+00  0.0000000E+00  0.0000000E+00  0.0000000E+00  0.0000000E+00
   0.0000000E+00  0.0000000E+00  0.0000000E+00  0.0000000E+00  0.0000000E+00
   0.0000000E+00  0.0000000E+00  0.0000000E+00  0.0000000E+00 

           33
   0.0000000E+00  0.0000000E+00  0.0000000E+00  0.0000000E+00  0.0000000E+00
   0.0000000E+00  0.0000000E+00  0.0000000E+00  0.0000000E+00  0.0000000E+00
   0.0000000E+00  0.0000000E+00  0.0000000E+00  0.0000000E+00
   0.0000000E+00  0.0000000E+00  0.0000000E+00  0.0000000E+00  0.0000000E+00
   0.0000000E+00  0.0000000E+00  0.0000000E+00  0.0000000E+00  0.0000000E+00
   0.0000000E+00  0.0000000E+00  0.0000000E+00  0.0000000E+00

           34
   0.0000000E+00  0.0000000E+00  0.0000000E+00  0.0000000E+00  0.0000000E+00
   0.0000000E+00  0.0000000E+00  0.0000000E+00  0.0000000E+00  0.0000000E+00
   0.0000000E+00  0.0000000E+00  0.0000000E+00  0.0000000E+00
   0.0000000E+00  0.0000000E+00  0.0000000E+00  0.0000000E+00  0.0000000E+00
   0.0000000E+00  0.0000000E+00  0.0000000E+00  0.0000000E+00  0.0000000E+00
   0.0000000E+00  0.0000000E+00  0.0000000E+00  0.0000000E+00

           35
   8.8995796E-05  9.3446171E-05  9.9145094E-05  1.0620249E-04  1.1467890E-04
   1.2463355E-04  1.3591707E-04  1.4896278E-04  1.6327236E-04  1.7895736E-04
   1.9586392E-04  2.1391291E-04  2.3297250E-04  2.5291738E-04
    97.22996       97.75795       99.56523       99.33990       99.99998
    99.35291       99.37543       98.12917       97.72620       83.08904
    87.50860       97.91678       100.0000       99.99999

           36
   7.0368256E-03  7.0558125E-03  7.0816940E-03  7.1109412E-03  7.1459888E-03
   7.1794521E-03  7.2177574E-03  7.2534871E-03  7.2998670E-03  7.3467456E-03
   7.4023949E-03  7.4611963E-03  7.5185038E-03  7.5803916E-03
   0.3877845      0.3847906      0.3809569      0.3785218      0.3763713    
   0.3766254      0.3778006      0.3817532      0.3839498      0.3876355    
   0.3898510      0.3927106      0.3976136      0.4018899    

           37
   2.8028719E-03  3.2154038E-03  3.6602132E-03  4.1463869E-03  4.6614339E-03
   5.2057197E-03  5.7852468E-03  6.3930699E-03  7.0214975E-03  7.6789451E-03
   8.3551463E-03  9.0578748E-03  9.7958948E-03  1.0549946E-02
   0.2061020      0.1958600      0.1912069      0.1867475      0.1864494    
   0.1883053      0.1911302      0.1952968      0.2016538      0.2086293    
   0.2171092      0.2261669      0.2346492      0.2444138    

           38
   6.7735650E-02  6.7664564E-02  6.7601770E-02  6.7543253E-02  6.7491598E-02
   6.7451127E-02  6.7417897E-02  6.7393683E-02  6.7382552E-02  6.7375891E-02
   6.7385897E-02  6.7412049E-02  6.7458421E-02  6.7512706E-02
   0.2258120      0.2236353      0.2216592      0.2200078      0.2187022    
   0.2177356      0.2171559      0.2170213      0.2172944      0.2180278    
   0.2191468      0.2206968      0.2225910      0.2249288    

           39
   6.8538725E-02  6.8757832E-02  6.9015764E-02  6.9318064E-02  6.9641143E-02
   7.0000842E-02  7.0392743E-02  7.0817232E-02  7.1273908E-02  7.1760185E-02
   7.2273828E-02  7.2821021E-02  7.3387347E-02  7.3998429E-02
   0.2494306      0.2516964      0.2541633      0.2568161      0.2598754    
   0.2632445      0.2669653      0.2710717      0.2755278      0.2803946    
   0.2856595      0.2912628      0.2973064      0.3035853    

           40
   3.5127213E-03  3.5325056E-03  3.5462519E-03  3.5613163E-03  3.5767353E-03
   3.5873363E-03  3.6032253E-03  3.6154790E-03  3.6258560E-03  3.6348093E-03
   3.6448047E-03  3.6593755E-03  3.6730838E-03  3.6851279E-03
   0.1616284      0.1595547      0.1589770      0.1577739      0.1563134    
   0.1558845      0.1540857      0.1530550      0.1524868      0.1524733    
   0.1520810      0.1504056      0.1490740      0.1482932    

           41
   4.8373993E-03  4.8793452E-03  4.9289376E-03  4.9870946E-03  5.0534112E-03
   5.1249359E-03  5.2048382E-03  5.2902736E-03  5.3854580E-03  5.4864893E-03
   5.5915113E-03  5.7003219E-03  5.8148056E-03  5.9327576E-03
   0.2103074      0.2113321      0.2132187      0.2155911      0.2183580    
   0.2223754      0.2269702      0.2322877      0.2369948      0.2423461    
   0.2484563      0.2553234      0.2623915      0.2700867    

           42
   6.9147231E-05  7.3588606E-05  7.9804253E-05  8.7877852E-05  9.8339886E-05
   1.1159931E-04  1.2773725E-04  1.4730796E-04  1.7069992E-04  1.9804042E-04
   2.2973203E-04  2.6595491E-04  3.0698240E-04  3.5301127E-04
   0.7817543      0.7067173      0.6162358      0.6083965      0.5841351
   0.5418745      0.5173574      0.4843579      0.4459487      0.4140580
   0.3854425      0.3609352      0.3397774      0.3205524


           43
   2.2153063E-03  2.2284479E-03  2.2396464E-03  2.2553774E-03  2.2712441E-03
   2.2852062E-03  2.3040951E-03  2.3200938E-03  2.3345703E-03  2.3449461E-03
   2.3632324E-03  2.3801818E-03  2.3981619E-03  2.4190734E-03
   0.5918377      0.5704156      0.5709445      0.5509986      0.5366273    
   0.5425171      0.5251969      0.5306193      0.5475462      0.6045679    
   0.6086740      0.6258135      0.6458830      0.6421755    

           44
   7.2470662E-04  7.5210404E-04  7.8055030E-04  8.0968963E-04  8.4028993E-04
   8.7184901E-04  9.0460852E-04  9.3890011E-04  9.7448862E-04  1.0112786E-03
   1.0496456E-03  1.0890970E-03  1.1303759E-03  1.1731471E-03
   0.2146997      0.2154827      0.2171668      0.2202674      0.2239729
   0.2288539      0.2345873      0.2408365      0.2477890      0.2553180
   0.2629477      0.2710893      0.2789354      0.2865913
 
           45
   0.3422385      0.3311751      0.3208575      0.3114227      0.3029004    
   0.2953301      0.2887183      0.2830602      0.2783385      0.2745258    
   0.2714954      0.2692415      0.2676899      0.2667623    
   9.5724180E-02  0.1028680      0.1106716      0.1190788      0.1280311    
   0.1374219      0.1471240      0.1569823      0.1668247      0.1764689    
   0.1858196      0.1946964      0.2029860      0.2106272    

           46
   0.0000000E+00  0.0000000E+00  0.0000000E+00  0.0000000E+00  0.0000000E+00
   0.0000000E+00  0.0000000E+00  0.0000000E+00  0.0000000E+00  0.0000000E+00
   0.0000000E+00  0.0000000E+00  0.0000000E+00  0.0000000E+00
   0.0000000E+00  0.0000000E+00  0.0000000E+00  0.0000000E+00  0.0000000E+00
   0.0000000E+00  0.0000000E+00  0.0000000E+00  0.0000000E+00  0.0000000E+00
   0.0000000E+00  0.0000000E+00  0.0000000E+00  0.0000000E+00

           47
   0.0000000E+00  0.0000000E+00  0.0000000E+00  0.0000000E+00  0.0000000E+00
   0.0000000E+00  0.0000000E+00  0.0000000E+00  0.0000000E+00  0.0000000E+00
   0.0000000E+00  0.0000000E+00  0.0000000E+00  0.0000000E+00
   0.0000000E+00  0.0000000E+00  0.0000000E+00  0.0000000E+00  0.0000000E+00
   0.0000000E+00  0.0000000E+00  0.0000000E+00  0.0000000E+00  0.0000000E+00
   0.0000000E+00  0.0000000E+00  0.0000000E+00  0.0000000E+00

           48
   0.0000000E+00  0.0000000E+00  0.0000000E+00  0.0000000E+00  0.0000000E+00
   0.0000000E+00  0.0000000E+00  0.0000000E+00  0.0000000E+00  0.0000000E+00
   0.0000000E+00  0.0000000E+00  0.0000000E+00  0.0000000E+00
   0.0000000E+00  0.0000000E+00  0.0000000E+00  0.0000000E+00  0.0000000E+00
   0.0000000E+00  0.0000000E+00  0.0000000E+00  0.0000000E+00  0.0000000E+00
   0.0000000E+00  0.0000000E+00  0.0000000E+00  0.0000000E+00

           49
   0.0000000E+00  0.0000000E+00  0.0000000E+00  0.0000000E+00  0.0000000E+00
   0.0000000E+00  0.0000000E+00  0.0000000E+00  0.0000000E+00  0.0000000E+00
   0.0000000E+00  0.0000000E+00  0.0000000E+00  0.0000000E+00
   0.0000000E+00  0.0000000E+00  0.0000000E+00  0.0000000E+00  0.0000000E+00
   0.0000000E+00  0.0000000E+00  0.0000000E+00  0.0000000E+00  0.0000000E+00
   0.0000000E+00  0.0000000E+00  0.0000000E+00  0.0000000E+00

           50
   6.7414029E-04  6.7683571E-04  6.7972310E-04  6.8277476E-04  6.8602897E-04
   6.8953593E-04  6.9303875E-04  6.9665490E-04  7.0045941E-04  7.0435536E-04
   7.0815237E-04  7.1231264E-04  7.1615406E-04  7.2016311E-04
   0.3204084      0.3201916      0.3202038      0.3206438      0.3212345
   0.3219371      0.3229484      0.3240793      0.3250802      0.3260773
   0.3272843      0.3278811      0.3288184      0.3293956

           51
   8.5968577E-04  8.5650716E-04  8.5427141E-04  8.5316028E-04  8.5272425E-04
   8.5314247E-04  8.5393846E-04  8.5558870E-04  8.5781980E-04  8.6052140E-04
   8.6368318E-04  8.6747919E-04  8.7128748E-04  8.7580626E-04
   0.1443294      0.1447810      0.1456037      0.1466740      0.1480709
   0.1497352      0.1517446      0.1538975      0.1561934      0.1586471
   0.1611985      0.1637228      0.1663322      0.1687985

           52
   6.0009153E-04  6.0594705E-04  6.1163423E-04  6.1655481E-04  6.2220986E-04
   6.2740262E-04  6.3245982E-04  6.3709274E-04  6.4238347E-04  6.4721174E-04
   6.5174361E-04  6.5614877E-04  6.6084292E-04  6.6590623E-04
   0.1623394      0.1661170      0.1684403      0.1749523      0.1730393    
   0.1733816      0.1739015      0.1776892      0.1746487      0.1754838    
   0.1761272      0.1782246      0.1776018      0.1734086    

           53
   3.8633813E-04  3.8654791E-04  3.8675370E-04  3.8684535E-04  3.8704579E-04
   3.8715615E-04  3.8722661E-04  3.8721922E-04  3.8730990E-04  3.8735336E-04
   3.8725458E-04  3.8717667E-04  3.8700798E-04  3.8681761E-04
   0.3410603      0.3359042      0.3307738      0.3261462      0.3211538
   0.3165605      0.3120413      0.3078485      0.3033289      0.2989323
   0.2949373      0.2908961      0.2869800      0.2831692

           54
   3.5286101E-04  3.4609161E-04  3.4073199E-04  3.3642648E-04  3.3306264E-04
   3.3030793E-04  3.2804199E-04  3.2629957E-04  3.2484863E-04  3.2366926E-04
   3.2269710E-04  3.2198490E-04  3.2135408E-04  3.2085614E-04
   3.7997957E-02  3.9015558E-02  3.9842334E-02  4.0510558E-02  4.1028831E-02
   4.1437317E-02  4.1752521E-02  4.1970957E-02  4.2126242E-02  4.2223196E-02
   4.2272173E-02  4.2267229E-02  4.2235110E-02  4.2170011E-02

           55
   1.5392047E-04  1.5154673E-04  1.4928477E-04  1.4712744E-04  1.4510115E-04
   1.4317744E-04  1.4136745E-04  1.3966605E-04  1.3803788E-04  1.3653780E-04
   1.3509218E-04  1.3373594E-04  1.3245705E-04  1.3123252E-04
   2.9778671E-02  3.1007802E-02  3.2193404E-02  3.3336971E-02  3.4430370E-02
   3.5480451E-02  3.6483299E-02  3.7436090E-02  3.8351007E-02  3.9206959E-02
   4.0030066E-02  4.0805548E-02  4.1537717E-02  4.2235922E-02

           56
   0.0000000E+00  0.0000000E+00  0.0000000E+00  0.0000000E+00  0.0000000E+00
   0.0000000E+00  0.0000000E+00  0.0000000E+00  0.0000000E+00  0.0000000E+00
   0.0000000E+00  0.0000000E+00  0.0000000E+00  0.0000000E+00
   0.0000000E+00  0.0000000E+00  0.0000000E+00  0.0000000E+00  0.0000000E+00
   0.0000000E+00  0.0000000E+00  0.0000000E+00  0.0000000E+00  0.0000000E+00
   0.0000000E+00  0.0000000E+00  0.0000000E+00  0.0000000E+00

           57
   3.7626370E-03  3.7611802E-03  3.7529606E-03  3.7564426E-03  3.7706774E-03
   3.7867320E-03  3.8021933E-03  3.8192295E-03  3.8428509E-03  3.8740977E-03
   3.9078165E-03  3.9419518E-03  3.9790389E-03  4.0169978E-03
   0.2746529      0.2682057      0.2712162      0.2705090      0.2672199    
   0.2663921      0.2697727      0.2753497      0.2792959      0.2812846    
   0.2840942      0.2890410      0.2937180      0.2993064    

           58
   7.0416597E-03  7.0795538E-03  7.1138488E-03  7.1565821E-03  7.2061303E-03
   7.2573996E-03  7.3164101E-03  7.3801884E-03  7.4476823E-03  7.5167869E-03
   7.5902129E-03  7.6692039E-03  7.7455537E-03  7.8260358E-03
   0.3742165      0.3710694      0.3710822      0.3706329      0.3697719    
   0.3698682      0.3699115      0.3697616      0.3701033      0.3713576    
   0.3730749      0.3737739      0.3765666      0.3791682    

           59
   3.5816184E-03  3.6148871E-03  3.6448627E-03  3.6719425E-03  3.6965657E-03
   3.7188975E-03  3.7390690E-03  3.7578158E-03  3.7746446E-03  3.7901034E-03
   3.8044234E-03  3.8175979E-03  3.8296520E-03  3.8407871E-03
   9.8661363E-02  9.7834557E-02  9.6813038E-02  9.5626362E-02  9.4281271E-02
   9.2825681E-02  9.1282532E-02  8.9626223E-02  8.7944306E-02  8.6211175E-02
   8.4446713E-02  8.2676277E-02  8.0914706E-02  7.9166383E-02

           60
   0.0000000E+00  0.0000000E+00  0.0000000E+00  0.0000000E+00  0.0000000E+00
   0.0000000E+00  0.0000000E+00  0.0000000E+00  0.0000000E+00  0.0000000E+00
   0.0000000E+00  0.0000000E+00  0.0000000E+00  0.0000000E+00
   0.0000000E+00  0.0000000E+00  0.0000000E+00  0.0000000E+00  0.0000000E+00
   0.0000000E+00  0.0000000E+00  0.0000000E+00  0.0000000E+00  0.0000000E+00
   0.0000000E+00  0.0000000E+00  0.0000000E+00  0.0000000E+00

           61
   0.0000000E+00  0.0000000E+00  0.0000000E+00  0.0000000E+00  0.0000000E+00
   0.0000000E+00  0.0000000E+00  0.0000000E+00  0.0000000E+00  0.0000000E+00
   0.0000000E+00  0.0000000E+00  0.0000000E+00  0.0000000E+00
   0.0000000E+00  0.0000000E+00  0.0000000E+00  0.0000000E+00  0.0000000E+00
   0.0000000E+00  0.0000000E+00  0.0000000E+00  0.0000000E+00  0.0000000E+00
   0.0000000E+00  0.0000000E+00  0.0000000E+00  0.0000000E+00

           62
   0.0000000E+00  0.0000000E+00  0.0000000E+00  0.0000000E+00  0.0000000E+00
   0.0000000E+00  0.0000000E+00  0.0000000E+00  0.0000000E+00  0.0000000E+00
   0.0000000E+00  0.0000000E+00  0.0000000E+00  0.0000000E+00
   0.0000000E+00  0.0000000E+00  0.0000000E+00  0.0000000E+00  0.0000000E+00
   0.0000000E+00  0.0000000E+00  0.0000000E+00  0.0000000E+00  0.0000000E+00
   0.0000000E+00  0.0000000E+00  0.0000000E+00  0.0000000E+00

           63
   0.0000000E+00  0.0000000E+00  0.0000000E+00  0.0000000E+00  0.0000000E+00
   0.0000000E+00  0.0000000E+00  0.0000000E+00  0.0000000E+00  0.0000000E+00
   0.0000000E+00  0.0000000E+00  0.0000000E+00  0.0000000E+00
   0.0000000E+00  0.0000000E+00  0.0000000E+00  0.0000000E+00  0.0000000E+00
   0.0000000E+00  0.0000000E+00  0.0000000E+00  0.0000000E+00  0.0000000E+00
   0.0000000E+00  0.0000000E+00  0.0000000E+00  0.0000000E+00

           64
   0.0000000E+00  0.0000000E+00  0.0000000E+00  0.0000000E+00  0.0000000E+00
   0.0000000E+00  0.0000000E+00  0.0000000E+00  0.0000000E+00  0.0000000E+00
   0.0000000E+00  0.0000000E+00  0.0000000E+00  0.0000000E+00
   0.0000000E+00  0.0000000E+00  0.0000000E+00  0.0000000E+00  0.0000000E+00
   0.0000000E+00  0.0000000E+00  0.0000000E+00  0.0000000E+00  0.0000000E+00
   0.0000000E+00  0.0000000E+00  0.0000000E+00  0.0000000E+00

           65
   0.0000000E+00  0.0000000E+00  0.0000000E+00  0.0000000E+00  0.0000000E+00
   0.0000000E+00  0.0000000E+00  0.0000000E+00  0.0000000E+00  0.0000000E+00
   0.0000000E+00  0.0000000E+00  0.0000000E+00  0.0000000E+00
   0.0000000E+00  0.0000000E+00  0.0000000E+00  0.0000000E+00  0.0000000E+00
   0.0000000E+00  0.0000000E+00  0.0000000E+00  0.0000000E+00  0.0000000E+00
   0.0000000E+00  0.0000000E+00  0.0000000E+00  0.0000000E+00

           66
   0.0000000E+00  0.0000000E+00  0.0000000E+00  0.0000000E+00  0.0000000E+00
   0.0000000E+00  0.0000000E+00  0.0000000E+00  0.0000000E+00  0.0000000E+00
   0.0000000E+00  0.0000000E+00  0.0000000E+00  0.0000000E+00
   0.0000000E+00  0.0000000E+00  0.0000000E+00  0.0000000E+00  0.0000000E+00
   0.0000000E+00  0.0000000E+00  0.0000000E+00  0.0000000E+00  0.0000000E+00
   0.0000000E+00  0.0000000E+00  0.0000000E+00  0.0000000E+00

           67
   0.0000000E+00  0.0000000E+00  0.0000000E+00  0.0000000E+00  0.0000000E+00
   0.0000000E+00  0.0000000E+00  0.0000000E+00  0.0000000E+00  0.0000000E+00
   0.0000000E+00  0.0000000E+00  0.0000000E+00  0.0000000E+00
   0.0000000E+00  0.0000000E+00  0.0000000E+00  0.0000000E+00  0.0000000E+00
   0.0000000E+00  0.0000000E+00  0.0000000E+00  0.0000000E+00  0.0000000E+00
   0.0000000E+00  0.0000000E+00  0.0000000E+00  0.0000000E+00

           68
   0.0000000E+00  0.0000000E+00  0.0000000E+00  0.0000000E+00  0.0000000E+00
   0.0000000E+00  0.0000000E+00  0.0000000E+00  0.0000000E+00  0.0000000E+00
   0.0000000E+00  0.0000000E+00  0.0000000E+00  0.0000000E+00
   0.0000000E+00  0.0000000E+00  0.0000000E+00  0.0000000E+00  0.0000000E+00
   0.0000000E+00  0.0000000E+00  0.0000000E+00  0.0000000E+00  0.0000000E+00
   0.0000000E+00  0.0000000E+00  0.0000000E+00  0.0000000E+00

           69
   0.0000000E+00  0.0000000E+00  0.0000000E+00  0.0000000E+00  0.0000000E+00
   0.0000000E+00  0.0000000E+00  0.0000000E+00  0.0000000E+00  0.0000000E+00
   0.0000000E+00  0.0000000E+00  0.0000000E+00  0.0000000E+00
   0.0000000E+00  0.0000000E+00  0.0000000E+00  0.0000000E+00  0.0000000E+00
   0.0000000E+00  0.0000000E+00  0.0000000E+00  0.0000000E+00  0.0000000E+00
   0.0000000E+00  0.0000000E+00  0.0000000E+00  0.0000000E+00

           70
   0.0000000E+00  0.0000000E+00  0.0000000E+00  0.0000000E+00  0.0000000E+00
   0.0000000E+00  0.0000000E+00  0.0000000E+00  0.0000000E+00  0.0000000E+00
   0.0000000E+00  0.0000000E+00  0.0000000E+00  0.0000000E+00
   0.0000000E+00  0.0000000E+00  0.0000000E+00  0.0000000E+00  0.0000000E+00
   0.0000000E+00  0.0000000E+00  0.0000000E+00  0.0000000E+00  0.0000000E+00
   0.0000000E+00  0.0000000E+00  0.0000000E+00  0.0000000E+00

           71
   2.8856363E-04  2.8595686E-04  2.8345475E-04  2.8113034E-04  2.7894753E-04
   2.7689798E-04  2.7491001E-04  2.7312274E-04  2.7138743E-04  2.6969379E-04
   2.6809092E-04  2.6650808E-04  2.6498811E-04  2.6346839E-04
   0.2254874      0.2188067      0.2123958      0.2060179      0.1998747
   0.1938298      0.1880712      0.1821662      0.1765929      0.1712924
   0.1661067      0.1612020      0.1564720      0.1520036

           72
   1.1938882E-04  1.1883993E-04  1.1827257E-04  1.1767485E-04  1.1698724E-04
   1.1630513E-04  1.1556843E-04  1.1482311E-04  1.1407393E-04  1.1329292E-04
   1.1251544E-04  1.1171152E-04  1.1089772E-04  1.1005313E-04
   0.3492259      0.3404191      0.3310696      0.3215308      0.3140300
   0.3054565      0.2978970      0.2900909      0.2822109      0.2748639
   0.2674615      0.2608181      0.2541469      0.2482117

           73
   0.0000000E+00  0.0000000E+00  0.0000000E+00  0.0000000E+00  0.0000000E+00
   0.0000000E+00  0.0000000E+00  0.0000000E+00  0.0000000E+00  0.0000000E+00
   0.0000000E+00  0.0000000E+00  0.0000000E+00  0.0000000E+00
   0.0000000E+00  0.0000000E+00  0.0000000E+00  0.0000000E+00  0.0000000E+00
   0.0000000E+00  0.0000000E+00  0.0000000E+00  0.0000000E+00  0.0000000E+00
   0.0000000E+00  0.0000000E+00  0.0000000E+00  0.0000000E+00

           74
   0.0000000E+00  0.0000000E+00  0.0000000E+00  0.0000000E+00  0.0000000E+00
   0.0000000E+00  0.0000000E+00  0.0000000E+00  0.0000000E+00  0.0000000E+00
   0.0000000E+00  0.0000000E+00  0.0000000E+00  0.0000000E+00
   0.0000000E+00  0.0000000E+00  0.0000000E+00  0.0000000E+00  0.0000000E+00
   0.0000000E+00  0.0000000E+00  0.0000000E+00  0.0000000E+00  0.0000000E+00
   0.0000000E+00  0.0000000E+00  0.0000000E+00  0.0000000E+00

           75
   0.0000000E+00  0.0000000E+00  0.0000000E+00  0.0000000E+00  0.0000000E+00
   0.0000000E+00  0.0000000E+00  0.0000000E+00  0.0000000E+00  0.0000000E+00
   0.0000000E+00  0.0000000E+00  0.0000000E+00  0.0000000E+00
   0.0000000E+00  0.0000000E+00  0.0000000E+00  0.0000000E+00  0.0000000E+00
   0.0000000E+00  0.0000000E+00  0.0000000E+00  0.0000000E+00  0.0000000E+00
   0.0000000E+00  0.0000000E+00  0.0000000E+00  0.0000000E+00

           76
   0.0000000E+00  0.0000000E+00  0.0000000E+00  0.0000000E+00  0.0000000E+00
   0.0000000E+00  0.0000000E+00  0.0000000E+00  0.0000000E+00  0.0000000E+00
   0.0000000E+00  0.0000000E+00  0.0000000E+00  0.0000000E+00
   0.0000000E+00  0.0000000E+00  0.0000000E+00  0.0000000E+00  0.0000000E+00
   0.0000000E+00  0.0000000E+00  0.0000000E+00  0.0000000E+00  0.0000000E+00
   0.0000000E+00  0.0000000E+00  0.0000000E+00  0.0000000E+00

           77
   0.0000000E+00  0.0000000E+00  0.0000000E+00  0.0000000E+00  0.0000000E+00
   0.0000000E+00  0.0000000E+00  0.0000000E+00  0.0000000E+00  0.0000000E+00
   0.0000000E+00  0.0000000E+00  0.0000000E+00  0.0000000E+00
   0.0000000E+00  0.0000000E+00  0.0000000E+00  0.0000000E+00  0.0000000E+00
   0.0000000E+00  0.0000000E+00  0.0000000E+00  0.0000000E+00  0.0000000E+00
   0.0000000E+00  0.0000000E+00  0.0000000E+00  0.0000000E+00

           78
   0.0000000E+00  0.0000000E+00  0.0000000E+00  0.0000000E+00  0.0000000E+00
   0.0000000E+00  0.0000000E+00  0.0000000E+00  0.0000000E+00  0.0000000E+00
   0.0000000E+00  0.0000000E+00  0.0000000E+00  0.0000000E+00
   0.0000000E+00  0.0000000E+00  0.0000000E+00  0.0000000E+00  0.0000000E+00
   0.0000000E+00  0.0000000E+00  0.0000000E+00  0.0000000E+00  0.0000000E+00
   0.0000000E+00  0.0000000E+00  0.0000000E+00  0.0000000E+00

           79
   0.0000000E+00  0.0000000E+00  0.0000000E+00  0.0000000E+00  0.0000000E+00
   0.0000000E+00  0.0000000E+00  0.0000000E+00  0.0000000E+00  0.0000000E+00
   0.0000000E+00  0.0000000E+00  0.0000000E+00  0.0000000E+00
   0.0000000E+00  0.0000000E+00  0.0000000E+00  0.0000000E+00  0.0000000E+00
   0.0000000E+00  0.0000000E+00  0.0000000E+00  0.0000000E+00  0.0000000E+00
   0.0000000E+00  0.0000000E+00  0.0000000E+00  0.0000000E+00

           80
   0.0000000E+00  0.0000000E+00  0.0000000E+00  0.0000000E+00  0.0000000E+00
   0.0000000E+00  0.0000000E+00  0.0000000E+00  0.0000000E+00  0.0000000E+00
   0.0000000E+00  0.0000000E+00  0.0000000E+00  0.0000000E+00
   0.0000000E+00  0.0000000E+00  0.0000000E+00  0.0000000E+00  0.0000000E+00
   0.0000000E+00  0.0000000E+00  0.0000000E+00  0.0000000E+00  0.0000000E+00
   0.0000000E+00  0.0000000E+00  0.0000000E+00  0.0000000E+00

           81
   0.0000000E+00  0.0000000E+00  0.0000000E+00  0.0000000E+00  0.0000000E+00
   0.0000000E+00  0.0000000E+00  0.0000000E+00  0.0000000E+00  0.0000000E+00
   0.0000000E+00  0.0000000E+00  0.0000000E+00  0.0000000E+00
   0.0000000E+00  0.0000000E+00  0.0000000E+00  0.0000000E+00  0.0000000E+00
   0.0000000E+00  0.0000000E+00  0.0000000E+00  0.0000000E+00  0.0000000E+00
   0.0000000E+00  0.0000000E+00  0.0000000E+00  0.0000000E+00

           82
   0.0000000E+00  0.0000000E+00  0.0000000E+00  0.0000000E+00  0.0000000E+00
   0.0000000E+00  0.0000000E+00  0.0000000E+00  0.0000000E+00  0.0000000E+00
   0.0000000E+00  0.0000000E+00  0.0000000E+00  0.0000000E+00
   0.0000000E+00  0.0000000E+00  0.0000000E+00  0.0000000E+00  0.0000000E+00
   0.0000000E+00  0.0000000E+00  0.0000000E+00  0.0000000E+00  0.0000000E+00
   0.0000000E+00  0.0000000E+00  0.0000000E+00  0.0000000E+00

           83
   0.0000000E+00  0.0000000E+00  0.0000000E+00  0.0000000E+00  0.0000000E+00
   0.0000000E+00  0.0000000E+00  0.0000000E+00  0.0000000E+00  0.0000000E+00
   0.0000000E+00  0.0000000E+00  0.0000000E+00  0.0000000E+00
   0.0000000E+00  0.0000000E+00  0.0000000E+00  0.0000000E+00  0.0000000E+00
   0.0000000E+00  0.0000000E+00  0.0000000E+00  0.0000000E+00  0.0000000E+00
   0.0000000E+00  0.0000000E+00  0.0000000E+00  0.0000000E+00

           84
   0.0000000E+00  0.0000000E+00  0.0000000E+00  0.0000000E+00  0.0000000E+00
   0.0000000E+00  0.0000000E+00  0.0000000E+00  0.0000000E+00  0.0000000E+00
   0.0000000E+00  0.0000000E+00  0.0000000E+00  0.0000000E+00
   0.0000000E+00  0.0000000E+00  0.0000000E+00  0.0000000E+00  0.0000000E+00
   0.0000000E+00  0.0000000E+00  0.0000000E+00  0.0000000E+00  0.0000000E+00
   0.0000000E+00  0.0000000E+00  0.0000000E+00  0.0000000E+00

           85
   0.0000000E+00  0.0000000E+00  0.0000000E+00  0.0000000E+00  0.0000000E+00
   0.0000000E+00  0.0000000E+00  0.0000000E+00  0.0000000E+00  0.0000000E+00
   0.0000000E+00  0.0000000E+00  0.0000000E+00  0.0000000E+00
   0.0000000E+00  0.0000000E+00  0.0000000E+00  0.0000000E+00  0.0000000E+00
   0.0000000E+00  0.0000000E+00  0.0000000E+00  0.0000000E+00  0.0000000E+00
   0.0000000E+00  0.0000000E+00  0.0000000E+00  0.0000000E+00

           86
   0.0000000E+00  0.0000000E+00  0.0000000E+00  0.0000000E+00  0.0000000E+00
   0.0000000E+00  0.0000000E+00  0.0000000E+00  0.0000000E+00  0.0000000E+00
   0.0000000E+00  0.0000000E+00  0.0000000E+00  0.0000000E+00
   0.0000000E+00  0.0000000E+00  0.0000000E+00  0.0000000E+00  0.0000000E+00
   0.0000000E+00  0.0000000E+00  0.0000000E+00  0.0000000E+00  0.0000000E+00
   0.0000000E+00  0.0000000E+00  0.0000000E+00  0.0000000E+00

           87
   0.0000000E+00  0.0000000E+00  0.0000000E+00  0.0000000E+00  0.0000000E+00
   0.0000000E+00  0.0000000E+00  0.0000000E+00  0.0000000E+00  0.0000000E+00
   0.0000000E+00  0.0000000E+00  0.0000000E+00  0.0000000E+00
   0.0000000E+00  0.0000000E+00  0.0000000E+00  0.0000000E+00  0.0000000E+00
   0.0000000E+00  0.0000000E+00  0.0000000E+00  0.0000000E+00  0.0000000E+00
   0.0000000E+00  0.0000000E+00  0.0000000E+00  0.0000000E+00

           88
   0.0000000E+00  0.0000000E+00  0.0000000E+00  0.0000000E+00  0.0000000E+00
   0.0000000E+00  0.0000000E+00  0.0000000E+00  0.0000000E+00  0.0000000E+00
   0.0000000E+00  0.0000000E+00  0.0000000E+00  0.0000000E+00
   0.0000000E+00  0.0000000E+00  0.0000000E+00  0.0000000E+00  0.0000000E+00
   0.0000000E+00  0.0000000E+00  0.0000000E+00  0.0000000E+00  0.0000000E+00
   0.0000000E+00  0.0000000E+00  0.0000000E+00  0.0000000E+00

           89
   0.0000000E+00  0.0000000E+00  0.0000000E+00  0.0000000E+00  0.0000000E+00
   0.0000000E+00  0.0000000E+00  0.0000000E+00  0.0000000E+00  0.0000000E+00
   0.0000000E+00  0.0000000E+00  0.0000000E+00  0.0000000E+00
   0.0000000E+00  0.0000000E+00  0.0000000E+00  0.0000000E+00  0.0000000E+00
   0.0000000E+00  0.0000000E+00  0.0000000E+00  0.0000000E+00  0.0000000E+00
   0.0000000E+00  0.0000000E+00  0.0000000E+00  0.0000000E+00

           90
   0.0000000E+00  0.0000000E+00  0.0000000E+00  0.0000000E+00  0.0000000E+00
   0.0000000E+00  0.0000000E+00  0.0000000E+00  0.0000000E+00  0.0000000E+00
   0.0000000E+00  0.0000000E+00  0.0000000E+00  0.0000000E+00
   0.0000000E+00  0.0000000E+00  0.0000000E+00  0.0000000E+00  0.0000000E+00
   0.0000000E+00  0.0000000E+00  0.0000000E+00  0.0000000E+00  0.0000000E+00
   0.0000000E+00  0.0000000E+00  0.0000000E+00  0.0000000E+00

           91
   2.0498531E-08  3.6154294E-08  6.2489399E-08  9.7653164E-08  1.5220704E-07
   2.2784313E-07  3.2619803E-07  4.5769468E-07  6.2618864E-07  8.3771960E-07
   1.1008719E-06  1.4239496E-06  1.8189519E-06  2.2977504E-06
   0.1005933      0.3578205      0.1459970      0.3590689      0.2433067
   0.2105373      0.2117738      0.1949146      0.1796175      0.1655582
   0.1516265      0.1385253      0.1261017      0.1148743

           92
   0.0000000E+00  0.0000000E+00  0.0000000E+00  0.0000000E+00  0.0000000E+00
   0.0000000E+00  0.0000000E+00  0.0000000E+00  0.0000000E+00  0.0000000E+00
   0.0000000E+00  0.0000000E+00  0.0000000E+00  0.0000000E+00
   0.0000000E+00  0.0000000E+00  0.0000000E+00  0.0000000E+00  0.0000000E+00
   0.0000000E+00  0.0000000E+00  0.0000000E+00  0.0000000E+00  0.0000000E+00
   0.0000000E+00  0.0000000E+00  0.0000000E+00  0.0000000E+00

           93
   0.0000000E+00  0.0000000E+00  0.0000000E+00  0.0000000E+00  0.0000000E+00
   0.0000000E+00  0.0000000E+00  0.0000000E+00  0.0000000E+00  0.0000000E+00
   0.0000000E+00  0.0000000E+00  0.0000000E+00  0.0000000E+00
   0.0000000E+00  0.0000000E+00  0.0000000E+00  0.0000000E+00  0.0000000E+00
   0.0000000E+00  0.0000000E+00  0.0000000E+00  0.0000000E+00  0.0000000E+00
   0.0000000E+00  0.0000000E+00  0.0000000E+00  0.0000000E+00

           94
   0.0000000E+00  0.0000000E+00  0.0000000E+00  0.0000000E+00  0.0000000E+00
   0.0000000E+00  0.0000000E+00  0.0000000E+00  0.0000000E+00  0.0000000E+00
   0.0000000E+00  0.0000000E+00  0.0000000E+00  0.0000000E+00
   0.0000000E+00  0.0000000E+00  0.0000000E+00  0.0000000E+00  0.0000000E+00
   0.0000000E+00  0.0000000E+00  0.0000000E+00  0.0000000E+00  0.0000000E+00
   0.0000000E+00  0.0000000E+00  0.0000000E+00  0.0000000E+00

           95
   0.0000000E+00  0.0000000E+00  0.0000000E+00  0.0000000E+00  0.0000000E+00
   0.0000000E+00  0.0000000E+00  0.0000000E+00  0.0000000E+00  0.0000000E+00
   0.0000000E+00  0.0000000E+00  0.0000000E+00  0.0000000E+00
   0.0000000E+00  0.0000000E+00  0.0000000E+00  0.0000000E+00  0.0000000E+00
   0.0000000E+00  0.0000000E+00  0.0000000E+00  0.0000000E+00  0.0000000E+00
   0.0000000E+00  0.0000000E+00  0.0000000E+00  0.0000000E+00

           96
   0.0000000E+00  0.0000000E+00  0.0000000E+00  0.0000000E+00  0.0000000E+00
   0.0000000E+00  0.0000000E+00  0.0000000E+00  0.0000000E+00  0.0000000E+00
   0.0000000E+00  0.0000000E+00  0.0000000E+00  0.0000000E+00
   0.0000000E+00  0.0000000E+00  0.0000000E+00  0.0000000E+00  0.0000000E+00
   0.0000000E+00  0.0000000E+00  0.0000000E+00  0.0000000E+00  0.0000000E+00
   0.0000000E+00  0.0000000E+00  0.0000000E+00  0.0000000E+00

           97
   0.0000000E+00  0.0000000E+00  0.0000000E+00  0.0000000E+00  0.0000000E+00
   0.0000000E+00  0.0000000E+00  0.0000000E+00  0.0000000E+00  0.0000000E+00
   0.0000000E+00  0.0000000E+00  0.0000000E+00  0.0000000E+00
   0.0000000E+00  0.0000000E+00  0.0000000E+00  0.0000000E+00  0.0000000E+00
   0.0000000E+00  0.0000000E+00  0.0000000E+00  0.0000000E+00  0.0000000E+00
   0.0000000E+00  0.0000000E+00  0.0000000E+00  0.0000000E+00

           98
   0.0000000E+00  0.0000000E+00  0.0000000E+00  0.0000000E+00  0.0000000E+00
   0.0000000E+00  0.0000000E+00  0.0000000E+00  0.0000000E+00  0.0000000E+00
   0.0000000E+00  0.0000000E+00  0.0000000E+00  0.0000000E+00
   0.0000000E+00  0.0000000E+00  0.0000000E+00  0.0000000E+00  0.0000000E+00
   0.0000000E+00  0.0000000E+00  0.0000000E+00  0.0000000E+00  0.0000000E+00
   0.0000000E+00  0.0000000E+00  0.0000000E+00  0.0000000E+00

           99
   0.0000000E+00  0.0000000E+00  0.0000000E+00  0.0000000E+00  0.0000000E+00
   0.0000000E+00  0.0000000E+00  0.0000000E+00  0.0000000E+00  0.0000000E+00
   0.0000000E+00  0.0000000E+00  0.0000000E+00  0.0000000E+00
   0.0000000E+00  0.0000000E+00  0.0000000E+00  0.0000000E+00  0.0000000E+00
   0.0000000E+00  0.0000000E+00  0.0000000E+00  0.0000000E+00  0.0000000E+00
   0.0000000E+00  0.0000000E+00  0.0000000E+00  0.0000000E+00

          100
   0.0000000E+00  0.0000000E+00  0.0000000E+00  0.0000000E+00  0.0000000E+00
   0.0000000E+00  0.0000000E+00  0.0000000E+00  0.0000000E+00  0.0000000E+00
   0.0000000E+00  0.0000000E+00  0.0000000E+00  0.0000000E+00
   0.0000000E+00  0.0000000E+00  0.0000000E+00  0.0000000E+00  0.0000000E+00
   0.0000000E+00  0.0000000E+00  0.0000000E+00  0.0000000E+00  0.0000000E+00
   0.0000000E+00  0.0000000E+00  0.0000000E+00  0.0000000E+00

          101
   0.0000000E+00  0.0000000E+00  0.0000000E+00  0.0000000E+00  0.0000000E+00
   0.0000000E+00  0.0000000E+00  0.0000000E+00  0.0000000E+00  0.0000000E+00
   0.0000000E+00  0.0000000E+00  0.0000000E+00  0.0000000E+00
   0.0000000E+00  0.0000000E+00  0.0000000E+00  0.0000000E+00  0.0000000E+00
   0.0000000E+00  0.0000000E+00  0.0000000E+00  0.0000000E+00  0.0000000E+00
   0.0000000E+00  0.0000000E+00  0.0000000E+00  0.0000000E+00

          102
   0.0000000E+00  0.0000000E+00  0.0000000E+00  0.0000000E+00  0.0000000E+00
   0.0000000E+00  0.0000000E+00  0.0000000E+00  0.0000000E+00  0.0000000E+00
   0.0000000E+00  0.0000000E+00  0.0000000E+00  0.0000000E+00
   0.0000000E+00  0.0000000E+00  0.0000000E+00  0.0000000E+00  0.0000000E+00
   0.0000000E+00  0.0000000E+00  0.0000000E+00  0.0000000E+00  0.0000000E+00
   0.0000000E+00  0.0000000E+00  0.0000000E+00  0.0000000E+00

          103
   0.0000000E+00  0.0000000E+00  0.0000000E+00  0.0000000E+00  0.0000000E+00
   0.0000000E+00  0.0000000E+00  0.0000000E+00  0.0000000E+00  0.0000000E+00
   0.0000000E+00  0.0000000E+00  0.0000000E+00  0.0000000E+00
   0.0000000E+00  0.0000000E+00  0.0000000E+00  0.0000000E+00  0.0000000E+00
   0.0000000E+00  0.0000000E+00  0.0000000E+00  0.0000000E+00  0.0000000E+00
   0.0000000E+00  0.0000000E+00  0.0000000E+00  0.0000000E+00

          104
   2.1878903E-09  4.5874358E-09  8.6852090E-09  1.5356072E-08  3.6568228E-08
   6.4629468E-08  1.1093947E-07  1.8446951E-07  2.9862480E-07  4.7489496E-07
   7.4176677E-07  1.1545537E-06  1.7969365E-06  2.8017507E-06
   0.1000000      0.1000000      9.9944644E-02  8.4430940E-02  2.4205621E-02
   2.2352843E-02  2.0469466E-02  1.8797256E-02  1.7169185E-02  1.5442717E-02
   1.3736038E-02  1.1932026E-02  1.0131524E-02  8.4168417E-03

          105
   1.3861641E-06  2.0957132E-06  3.0602466E-06  4.3883260E-06  6.2547247E-06
   8.9235018E-06  1.2771973E-05  1.8294546E-05  2.6082331E-05  3.6734829E-05
   5.0855495E-05  6.9057940E-05  9.1983711E-05  1.2045827E-04
   3.4267545E-02  4.6432544E-02  5.9534546E-02  7.0392713E-02  7.6369718E-02
   7.6912597E-02  7.3284738E-02  6.7386948E-02  6.0813855E-02  5.4641765E-02
   4.9280286E-02  4.4763181E-02  4.0972259E-02  3.7717521E-02

          106
    2.610332       2.778109       3.657825       3.213332       2.845828
    2.665556       3.196732       4.306581       2.231869       2.812909
    2.267217       2.000001      0.2043672      0.1069502
   9.5098294E-05  9.5953015E-05  7.7802302E-05  9.4061412E-05  1.1226526E-04
   1.2615182E-04  1.1028338E-04  8.5534084E-05  1.7196873E-04  1.4175296E-04
   1.8230222E-04  2.1375522E-04  2.1683041E-03  4.2882259E-03

          107
    6.032216       5.823882       5.975140       5.666815       5.495048
    5.494376       5.774669       5.456884       5.594657       5.555274
    5.559790       5.343111       5.236969       5.193220
   1.5224132E-04  1.5701007E-04  1.5210180E-04  1.5915716E-04  1.6267908E-04
   1.6109263E-04  1.5163459E-04  1.5865151E-04  1.5291484E-04  1.5211888E-04
   1.5009413E-04  1.5419420E-04  1.5529199E-04  1.5456510E-04

          108
   0.0000000E+00  0.0000000E+00  0.0000000E+00  0.0000000E+00  0.0000000E+00
   0.0000000E+00  0.0000000E+00  0.0000000E+00  0.0000000E+00  0.0000000E+00
   0.0000000E+00  0.0000000E+00  0.0000000E+00  0.0000000E+00
   0.0000000E+00  0.0000000E+00  0.0000000E+00  0.0000000E+00  0.0000000E+00
   0.0000000E+00  0.0000000E+00  0.0000000E+00  0.0000000E+00  0.0000000E+00
   0.0000000E+00  0.0000000E+00  0.0000000E+00  0.0000000E+00

          109
   0.0000000E+00  0.0000000E+00  0.0000000E+00  0.0000000E+00  0.0000000E+00
   0.0000000E+00  0.0000000E+00  0.0000000E+00  0.0000000E+00  0.0000000E+00
   0.0000000E+00  0.0000000E+00  0.0000000E+00  0.0000000E+00
   0.0000000E+00  0.0000000E+00  0.0000000E+00  0.0000000E+00  0.0000000E+00
   0.0000000E+00  0.0000000E+00  0.0000000E+00  0.0000000E+00  0.0000000E+00
   0.0000000E+00  0.0000000E+00  0.0000000E+00  0.0000000E+00

          110
   0.0000000E+00  0.0000000E+00  0.0000000E+00  0.0000000E+00  0.0000000E+00
   0.0000000E+00  0.0000000E+00  0.0000000E+00  0.0000000E+00  0.0000000E+00
   0.0000000E+00  0.0000000E+00  0.0000000E+00  0.0000000E+00
   0.0000000E+00  0.0000000E+00  0.0000000E+00  0.0000000E+00  0.0000000E+00
   0.0000000E+00  0.0000000E+00  0.0000000E+00  0.0000000E+00  0.0000000E+00
   0.0000000E+00  0.0000000E+00  0.0000000E+00  0.0000000E+00

          111
   0.0000000E+00  0.0000000E+00  0.0000000E+00  0.0000000E+00  0.0000000E+00
   0.0000000E+00  0.0000000E+00  0.0000000E+00  0.0000000E+00  0.0000000E+00
   0.0000000E+00  0.0000000E+00  0.0000000E+00  0.0000000E+00
   0.0000000E+00  0.0000000E+00  0.0000000E+00  0.0000000E+00  0.0000000E+00
   0.0000000E+00  0.0000000E+00  0.0000000E+00  0.0000000E+00  0.0000000E+00
   0.0000000E+00  0.0000000E+00  0.0000000E+00  0.0000000E+00

          112
   0.0000000E+00  0.0000000E+00  0.0000000E+00  0.0000000E+00  0.0000000E+00
   0.0000000E+00  0.0000000E+00  0.0000000E+00  0.0000000E+00  0.0000000E+00
   0.0000000E+00  0.0000000E+00  0.0000000E+00  0.0000000E+00
   0.0000000E+00  0.0000000E+00  0.0000000E+00  0.0000000E+00  0.0000000E+00
   0.0000000E+00  0.0000000E+00  0.0000000E+00  0.0000000E+00  0.0000000E+00
   0.0000000E+00  0.0000000E+00  0.0000000E+00  0.0000000E+00

          113
   0.0000000E+00  0.0000000E+00  0.0000000E+00  0.0000000E+00  0.0000000E+00
   0.0000000E+00  0.0000000E+00  0.0000000E+00  0.0000000E+00  0.0000000E+00
   0.0000000E+00  0.0000000E+00  0.0000000E+00  0.0000000E+00
   0.0000000E+00  0.0000000E+00  0.0000000E+00  0.0000000E+00  0.0000000E+00
   0.0000000E+00  0.0000000E+00  0.0000000E+00  0.0000000E+00  0.0000000E+00
   0.0000000E+00  0.0000000E+00  0.0000000E+00  0.0000000E+00

          114
   0.0000000E+00  0.0000000E+00  0.0000000E+00  0.0000000E+00  0.0000000E+00
   0.0000000E+00  0.0000000E+00  0.0000000E+00  0.0000000E+00  0.0000000E+00
   0.0000000E+00  0.0000000E+00  0.0000000E+00  0.0000000E+00
   0.0000000E+00  0.0000000E+00  0.0000000E+00  0.0000000E+00  0.0000000E+00
   0.0000000E+00  0.0000000E+00  0.0000000E+00  0.0000000E+00  0.0000000E+00
   0.0000000E+00  0.0000000E+00  0.0000000E+00  0.0000000E+00

          115
   0.0000000E+00  0.0000000E+00  0.0000000E+00  0.0000000E+00  0.0000000E+00
   0.0000000E+00  0.0000000E+00  0.0000000E+00  0.0000000E+00  0.0000000E+00
   0.0000000E+00  0.0000000E+00  0.0000000E+00  0.0000000E+00
   0.0000000E+00  0.0000000E+00  0.0000000E+00  0.0000000E+00  0.0000000E+00
   0.0000000E+00  0.0000000E+00  0.0000000E+00  0.0000000E+00  0.0000000E+00
   0.0000000E+00  0.0000000E+00  0.0000000E+00  0.0000000E+00

          116
   0.0000000E+00  0.0000000E+00  0.0000000E+00  0.0000000E+00  0.0000000E+00
   0.0000000E+00  0.0000000E+00  0.0000000E+00  0.0000000E+00  0.0000000E+00
   0.0000000E+00  0.0000000E+00  0.0000000E+00  0.0000000E+00
   0.0000000E+00  0.0000000E+00  0.0000000E+00  0.0000000E+00  0.0000000E+00
   0.0000000E+00  0.0000000E+00  0.0000000E+00  0.0000000E+00  0.0000000E+00
   0.0000000E+00  0.0000000E+00  0.0000000E+00  0.0000000E+00

          117
   0.0000000E+00  0.0000000E+00  0.0000000E+00  0.0000000E+00  0.0000000E+00
   0.0000000E+00  0.0000000E+00  0.0000000E+00  0.0000000E+00  0.0000000E+00
   0.0000000E+00  0.0000000E+00  0.0000000E+00  0.0000000E+00
   0.0000000E+00  0.0000000E+00  0.0000000E+00  0.0000000E+00  0.0000000E+00
   0.0000000E+00  0.0000000E+00  0.0000000E+00  0.0000000E+00  0.0000000E+00
   0.0000000E+00  0.0000000E+00  0.0000000E+00  0.0000000E+00

          118
   0.0000000E+00  0.0000000E+00  0.0000000E+00  0.0000000E+00  0.0000000E+00
   0.0000000E+00  0.0000000E+00  0.0000000E+00  0.0000000E+00  0.0000000E+00
   0.0000000E+00  0.0000000E+00  0.0000000E+00  0.0000000E+00
   0.0000000E+00  0.0000000E+00  0.0000000E+00  0.0000000E+00  0.0000000E+00
   0.0000000E+00  0.0000000E+00  0.0000000E+00  0.0000000E+00  0.0000000E+00
   0.0000000E+00  0.0000000E+00  0.0000000E+00  0.0000000E+00

          119
   1.6840505E-07  2.5785496E-07  3.8446629E-07  5.5653010E-07  7.7516540E-07
   1.0548948E-06  1.4012882E-06  1.8227050E-06  2.3307896E-06  2.9275520E-06
   3.6195402E-06  4.4130502E-06  5.3161034E-06  6.3434645E-06
   0.5523551      7.5947680E-02  4.2746160E-02  3.1943638E-02  2.8599743E-02
   2.5968622E-02  2.4255071E-02  2.3082806E-02  2.2125622E-02  2.1439448E-02
   2.0888699E-02  2.0423425E-02  2.0039324E-02  1.9643184E-02

          120
   3.0034669E-03  2.9521140E-03  2.9123374E-03  2.8825884E-03  2.8603619E-03
   2.8470617E-03  2.8395110E-03  2.8389711E-03  2.8416950E-03  2.8505987E-03
   2.8633703E-03  2.8787553E-03  2.8973510E-03  2.9184206E-03
   8.2872780E-03  8.4284274E-03  8.5303644E-03  8.5962527E-03  8.6331042E-03
   8.6362176E-03  8.6156698E-03  8.5684638E-03  8.5071474E-03  8.4237512E-03
   8.3265090E-03  8.2203215E-03  8.1043988E-03  7.9819290E-03

          121
   0.0000000E+00  0.0000000E+00  0.0000000E+00  0.0000000E+00  0.0000000E+00
   0.0000000E+00  0.0000000E+00  0.0000000E+00  0.0000000E+00  0.0000000E+00
   0.0000000E+00  0.0000000E+00  0.0000000E+00  0.0000000E+00
   0.0000000E+00  0.0000000E+00  0.0000000E+00  0.0000000E+00  0.0000000E+00
   0.0000000E+00  0.0000000E+00  0.0000000E+00  0.0000000E+00  0.0000000E+00
   0.0000000E+00  0.0000000E+00  0.0000000E+00  0.0000000E+00

          122
   0.0000000E+00  0.0000000E+00  0.0000000E+00  0.0000000E+00  0.0000000E+00
   0.0000000E+00  0.0000000E+00  0.0000000E+00  0.0000000E+00  0.0000000E+00
   0.0000000E+00  0.0000000E+00  0.0000000E+00  0.0000000E+00
   0.0000000E+00  0.0000000E+00  0.0000000E+00  0.0000000E+00  0.0000000E+00
   0.0000000E+00  0.0000000E+00  0.0000000E+00  0.0000000E+00  0.0000000E+00
   0.0000000E+00  0.0000000E+00  0.0000000E+00  0.0000000E+00

          123
   1.8889139E-05  1.8883746E-05  1.8878351E-05  1.8881059E-05  1.8881490E-05
   1.8886361E-05  1.8884946E-05  1.8871164E-05  1.8866936E-05  1.8863719E-05
   1.8873567E-05  1.8873599E-05  1.8877232E-05  1.8878680E-05
   3.2528125E-02  3.2361962E-02  3.2200012E-02  3.2025818E-02  3.1854939E-02
   3.1694777E-02  3.1565096E-02  3.1510673E-02  3.1404402E-02  3.1310249E-02
   3.1173281E-02  3.1091582E-02  3.0994741E-02  3.0909659E-02

          124
   0.0000000E+00  0.0000000E+00  0.0000000E+00  0.0000000E+00  0.0000000E+00
   0.0000000E+00  0.0000000E+00  0.0000000E+00  0.0000000E+00  0.0000000E+00
   0.0000000E+00  0.0000000E+00  0.0000000E+00  0.0000000E+00
   0.0000000E+00  0.0000000E+00  0.0000000E+00  0.0000000E+00  0.0000000E+00
   0.0000000E+00  0.0000000E+00  0.0000000E+00  0.0000000E+00  0.0000000E+00
   0.0000000E+00  0.0000000E+00  0.0000000E+00  0.0000000E+00

          125
   0.0000000E+00  0.0000000E+00  0.0000000E+00  0.0000000E+00  0.0000000E+00
   0.0000000E+00  0.0000000E+00  0.0000000E+00  0.0000000E+00  0.0000000E+00
   0.0000000E+00  0.0000000E+00  0.0000000E+00  0.0000000E+00
   0.0000000E+00  0.0000000E+00  0.0000000E+00  0.0000000E+00  0.0000000E+00
   0.0000000E+00  0.0000000E+00  0.0000000E+00  0.0000000E+00  0.0000000E+00
   0.0000000E+00  0.0000000E+00  0.0000000E+00  0.0000000E+00

          125
   0.0000000E+00  0.0000000E+00  0.0000000E+00  0.0000000E+00  0.0000000E+00
   0.0000000E+00  0.0000000E+00  0.0000000E+00  0.0000000E+00  0.0000000E+00
   0.0000000E+00  0.0000000E+00  0.0000000E+00  0.0000000E+00
   0.0000000E+00  0.0000000E+00  0.0000000E+00  0.0000000E+00  0.0000000E+00
   0.0000000E+00  0.0000000E+00  0.0000000E+00  0.0000000E+00  0.0000000E+00
   0.0000000E+00  0.0000000E+00  0.0000000E+00  0.0000000E+00

          125
   0.0000000E+00  0.0000000E+00  0.0000000E+00  0.0000000E+00  0.0000000E+00
   0.0000000E+00  0.0000000E+00  0.0000000E+00  0.0000000E+00  0.0000000E+00
   0.0000000E+00  0.0000000E+00  0.0000000E+00  0.0000000E+00
   0.0000000E+00  0.0000000E+00  0.0000000E+00  0.0000000E+00  0.0000000E+00
   0.0000000E+00  0.0000000E+00  0.0000000E+00  0.0000000E+00  0.0000000E+00
   0.0000000E+00  0.0000000E+00  0.0000000E+00  0.0000000E+00

          125
   0.0000000E+00  0.0000000E+00  0.0000000E+00  0.0000000E+00  0.0000000E+00
   0.0000000E+00  0.0000000E+00  0.0000000E+00  0.0000000E+00  0.0000000E+00
   0.0000000E+00  0.0000000E+00  0.0000000E+00  0.0000000E+00
   0.0000000E+00  0.0000000E+00  0.0000000E+00  0.0000000E+00  0.0000000E+00
   0.0000000E+00  0.0000000E+00  0.0000000E+00  0.0000000E+00  0.0000000E+00
   0.0000000E+00  0.0000000E+00  0.0000000E+00  0.0000000E+00

          125
   0.0000000E+00  0.0000000E+00  0.0000000E+00  0.0000000E+00  0.0000000E+00
   0.0000000E+00  0.0000000E+00  0.0000000E+00  0.0000000E+00  0.0000000E+00
   0.0000000E+00  0.0000000E+00  0.0000000E+00  0.0000000E+00
   0.0000000E+00  0.0000000E+00  0.0000000E+00  0.0000000E+00  0.0000000E+00
   0.0000000E+00  0.0000000E+00  0.0000000E+00  0.0000000E+00  0.0000000E+00
   0.0000000E+00  0.0000000E+00  0.0000000E+00  0.0000000E+00

          125
   0.0000000E+00  0.0000000E+00  0.0000000E+00  0.0000000E+00  0.0000000E+00
   0.0000000E+00  0.0000000E+00  0.0000000E+00  0.0000000E+00  0.0000000E+00
   0.0000000E+00  0.0000000E+00  0.0000000E+00  0.0000000E+00
   0.0000000E+00  0.0000000E+00  0.0000000E+00  0.0000000E+00  0.0000000E+00
   0.0000000E+00  0.0000000E+00  0.0000000E+00  0.0000000E+00  0.0000000E+00
   0.0000000E+00  0.0000000E+00  0.0000000E+00  0.0000000E+00

          125
   0.0000000E+00  0.0000000E+00  0.0000000E+00  0.0000000E+00  0.0000000E+00
   0.0000000E+00  0.0000000E+00  0.0000000E+00  0.0000000E+00  0.0000000E+00
   0.0000000E+00  0.0000000E+00  0.0000000E+00  0.0000000E+00
   0.0000000E+00  0.0000000E+00  0.0000000E+00  0.0000000E+00  0.0000000E+00
   0.0000000E+00  0.0000000E+00  0.0000000E+00  0.0000000E+00  0.0000000E+00
   0.0000000E+00  0.0000000E+00  0.0000000E+00  0.0000000E+00

          125
   0.0000000E+00  0.0000000E+00  0.0000000E+00  0.0000000E+00  0.0000000E+00
   0.0000000E+00  0.0000000E+00  0.0000000E+00  0.0000000E+00  0.0000000E+00
   0.0000000E+00  0.0000000E+00  0.0000000E+00  0.0000000E+00
   0.0000000E+00  0.0000000E+00  0.0000000E+00  0.0000000E+00  0.0000000E+00
   0.0000000E+00  0.0000000E+00  0.0000000E+00  0.0000000E+00  0.0000000E+00
   0.0000000E+00  0.0000000E+00  0.0000000E+00  0.0000000E+00

          125
   0.0000000E+00  0.0000000E+00  0.0000000E+00  0.0000000E+00  0.0000000E+00
   0.0000000E+00  0.0000000E+00  0.0000000E+00  0.0000000E+00  0.0000000E+00
   0.0000000E+00  0.0000000E+00  0.0000000E+00  0.0000000E+00
   0.0000000E+00  0.0000000E+00  0.0000000E+00  0.0000000E+00  0.0000000E+00
   0.0000000E+00  0.0000000E+00  0.0000000E+00  0.0000000E+00  0.0000000E+00
   0.0000000E+00  0.0000000E+00  0.0000000E+00  0.0000000E+00

          125
   0.0000000E+00  0.0000000E+00  0.0000000E+00  0.0000000E+00  0.0000000E+00
   0.0000000E+00  0.0000000E+00  0.0000000E+00  0.0000000E+00  0.0000000E+00
   0.0000000E+00  0.0000000E+00  0.0000000E+00  0.0000000E+00
   0.0000000E+00  0.0000000E+00  0.0000000E+00  0.0000000E+00  0.0000000E+00
   0.0000000E+00  0.0000000E+00  0.0000000E+00  0.0000000E+00  0.0000000E+00
   0.0000000E+00  0.0000000E+00  0.0000000E+00  0.0000000E+00

          125
   0.0000000E+00  0.0000000E+00  0.0000000E+00  0.0000000E+00  0.0000000E+00
   0.0000000E+00  0.0000000E+00  0.0000000E+00  0.0000000E+00  0.0000000E+00
   0.0000000E+00  0.0000000E+00  0.0000000E+00  0.0000000E+00
   0.0000000E+00  0.0000000E+00  0.0000000E+00  0.0000000E+00  0.0000000E+00
   0.0000000E+00  0.0000000E+00  0.0000000E+00  0.0000000E+00  0.0000000E+00
   0.0000000E+00  0.0000000E+00  0.0000000E+00  0.0000000E+00

          125
   0.0000000E+00  0.0000000E+00  0.0000000E+00  0.0000000E+00  0.0000000E+00
   0.0000000E+00  0.0000000E+00  0.0000000E+00  0.0000000E+00  0.0000000E+00
   0.0000000E+00  0.0000000E+00  0.0000000E+00  0.0000000E+00
   0.0000000E+00  0.0000000E+00  0.0000000E+00  0.0000000E+00  0.0000000E+00
   0.0000000E+00  0.0000000E+00  0.0000000E+00  0.0000000E+00  0.0000000E+00
   0.0000000E+00  0.0000000E+00  0.0000000E+00  0.0000000E+00

          125
   0.0000000E+00  0.0000000E+00  0.0000000E+00  0.0000000E+00  0.0000000E+00
   0.0000000E+00  0.0000000E+00  0.0000000E+00  0.0000000E+00  0.0000000E+00
   0.0000000E+00  0.0000000E+00  0.0000000E+00  0.0000000E+00
   0.0000000E+00  0.0000000E+00  0.0000000E+00  0.0000000E+00  0.0000000E+00
   0.0000000E+00  0.0000000E+00  0.0000000E+00  0.0000000E+00  0.0000000E+00
   0.0000000E+00  0.0000000E+00  0.0000000E+00  0.0000000E+00

          125
   0.0000000E+00  0.0000000E+00  0.0000000E+00  0.0000000E+00  0.0000000E+00
   0.0000000E+00  0.0000000E+00  0.0000000E+00  0.0000000E+00  0.0000000E+00
   0.0000000E+00  0.0000000E+00  0.0000000E+00  0.0000000E+00
   0.0000000E+00  0.0000000E+00  0.0000000E+00  0.0000000E+00  0.0000000E+00
   0.0000000E+00  0.0000000E+00  0.0000000E+00  0.0000000E+00  0.0000000E+00
   0.0000000E+00  0.0000000E+00  0.0000000E+00  0.0000000E+00

