 WL(um) SSA AOD ASYM FACTOR SURF_ALB RREAL RIMAG
           1   3.921569      0.8250406      2.8251693E-02  0.6615596    
  0.1100800       1.599657      1.5498977E-02
           2   3.773585      0.8250406      2.8544884E-02  0.6610012    
  0.1100800       1.599657      1.5498977E-02
           3   3.636364      0.8250406      2.8783247E-02  0.6607950    
  0.1100800       1.599657      1.5498977E-02
           4   3.508772      0.8250406      2.8960606E-02  0.6609844    
  0.1100800       1.599657      1.5498977E-02
           5   3.389831      0.8250405      2.9076966E-02  0.6615384    
  0.1100800       1.599657      1.5498977E-02
           6   3.278688      0.8250406      2.9132316E-02  0.6624263    
  0.1100800       1.599657      1.5498977E-02
           7   3.174603      0.8250406      2.9126663E-02  0.6636130    
  0.1100800       1.599657      1.5498977E-02
           8   3.076923      0.8250406      2.9060008E-02  0.6650637    
  0.1100800       1.599657      1.5498977E-02
           9   2.985075      0.8250406      2.8938167E-02  0.6667095    
  0.1100800       1.599657      1.5498977E-02
          10   2.898551      0.8250406      2.9161388E-02  0.6663837    
  0.1100800       1.599657      1.5498977E-02
          11   2.816901      0.8250405      2.9347474E-02  0.6662623    
  0.1100800       1.599657      1.5498977E-02
          12   2.739726      0.8250405      2.9496424E-02  0.6663319    
  0.1100800       1.599657      1.5498977E-02
          13   2.666667      0.8250406      2.9608233E-02  0.6665729    
  0.1100800       1.599657      1.5498977E-02
          14   2.597403      0.8250406      2.9682908E-02  0.6669689    
  0.1100800       1.599657      1.5498977E-02
          15   2.531646      0.8250406      2.9720444E-02  0.6675002    
  0.1100800       1.599657      1.5498977E-02
          16   2.469136      0.8250406      2.9720848E-02  0.6681468    
  0.1100800       1.599657      1.5498977E-02
          17   2.409639      0.8250406      2.9684110E-02  0.6688890    
  0.1100800       1.599657      1.5498977E-02
          18   2.352941      0.8250406      2.9610239E-02  0.6697077    
  0.1100800       1.599657      1.5498977E-02
          19   2.298851      0.8250406      2.9499229E-02  0.6705818    
  0.1100800       1.599657      1.5498977E-02
          20   2.247191      0.8250406      2.9571354E-02  0.6706572    
  0.1100800       1.599657      1.5498977E-02
          21   2.197802      0.8250406      2.9789889E-02  0.6701426    
  0.1100800       1.599657      1.5498977E-02
          22   2.150538      0.8250406      2.9988823E-02  0.6696872    
  0.1100800       1.599657      1.5498977E-02
          23   2.105263      0.8250406      3.0168151E-02  0.6692774    
  0.1126396       1.599657      1.5498977E-02
          24   2.061856      0.8250406      3.0327875E-02  0.6689053    
  0.1171310       1.599657      1.5498977E-02
          25   2.020202      0.8250406      3.0467993E-02  0.6685610    
  0.1214410       1.599657      1.5498977E-02
          26   1.980198      0.8250406      3.0588511E-02  0.6682324    
  0.1255802       1.599657      1.5498977E-02
          27   1.941748      0.8250406      3.0689420E-02  0.6679097    
  0.1295588       1.599657      1.5498977E-02
          28   1.904762      0.8250406      3.0770728E-02  0.6675844    
  0.1333857       1.599657      1.5498977E-02
          29   1.869159      0.8250406      3.0832432E-02  0.6672434    
  0.1370696       1.599657      1.5498977E-02
          30   1.834862      0.8250406      3.0874535E-02  0.6668807    
  0.1406183       1.599657      1.5498977E-02
          31   1.801802      0.8250406      3.0897027E-02  0.6664851    
  0.1440391       1.599657      1.5498977E-02
          32   1.769912      0.8250406      3.0899921E-02  0.6660480    
  0.1473389       1.599657      1.5498977E-02
          33   1.739130      0.8250406      3.0883210E-02  0.6655614    
  0.1505238       1.599657      1.5498977E-02
          34   1.709402      0.8250406      3.1125767E-02  0.6643414    
  0.1535999       1.599657      1.5498977E-02
          35   1.680672      0.8250406      3.1406906E-02  0.6629984    
  0.1565726       1.599657      1.5498977E-02
          36   1.652893      0.8250406      3.1679615E-02  0.6616477    
  0.1594470       1.599657      1.5498977E-02
          37   1.626016      0.8250406      3.1943884E-02  0.6602834    
  0.1622227       1.599657      1.5498977E-02
          38   1.600000      0.8250406      3.2199718E-02  0.6589047    
  0.1649050       1.599657      1.5498977E-02
          39   1.574803      0.8250406      3.2447126E-02  0.6575055    
  0.1675028       1.599657      1.5498977E-02
          40   1.550388      0.8250406      3.2686085E-02  0.6560830    
  0.1700200       1.599657      1.5498977E-02
          41   1.526718      0.8250406      3.2916620E-02  0.6546341    
  0.1724604       1.599657      1.5498977E-02
          42   1.503759      0.8250406      3.3138718E-02  0.6531560    
  0.1748274       1.599657      1.5498977E-02
          43   1.481481      0.8250406      3.3352382E-02  0.6516455    
  0.1771243       1.599657      1.5498977E-02
          44   1.459854      0.8250406      3.3557609E-02  0.6501004    
  0.1793541       1.599657      1.5498977E-02
          45   1.438849      0.8250406      3.3754408E-02  0.6485178    
  0.1815197       1.599657      1.5498977E-02
          46   1.418440      0.8250406      3.3942766E-02  0.6468964    
  0.1836239       1.599657      1.5498977E-02
          47   1.398601      0.8250406      3.4122683E-02  0.6452364    
  0.1856692       1.599657      1.5498977E-02
          48   1.379310      0.8250406      3.4294181E-02  0.6435336    
  0.1876581       1.599657      1.5498977E-02
          49   1.360544      0.8250406      3.4457240E-02  0.6417894    
  0.1895929       1.599657      1.5498977E-02
          50   1.342282      0.8250406      3.4611855E-02  0.6400019    
  0.1914757       1.599657      1.5498977E-02
          51   1.324503      0.8250406      3.4758043E-02  0.6381730    
  0.1933087       1.599657      1.5498977E-02
          52   1.307190      0.8250406      3.5120592E-02  0.6363013    
  0.1950938       1.599657      1.5498977E-02
          53   1.290323      0.8250406      3.5516530E-02  0.6344285    
  0.1968327       1.599657      1.5498977E-02
          54   1.273885      0.8250406      3.5910826E-02  0.6325623    
  0.1985274       1.599657      1.5498977E-02
          55   1.257862      0.8250406      3.6303505E-02  0.6306967    
  0.2001795       1.599657      1.5498977E-02
          56   1.242236      0.8250406      3.6694553E-02  0.6288359    
  0.2017905       1.599657      1.5498977E-02
          57   1.226994      0.8250406      3.7083965E-02  0.6269787    
  0.2022737       1.599657      1.5498977E-02
          58   1.212121      0.8250406      3.7471749E-02  0.6251240    
  0.2025626       1.599657      1.5498977E-02
          59   1.197605      0.8250406      3.7857905E-02  0.6232733    
  0.2028446       1.599657      1.5498977E-02
          60   1.183432      0.8250406      3.8242433E-02  0.6214257    
  0.2031199       1.599657      1.5498977E-02
          61   1.169591      0.8250406      3.8625326E-02  0.6195816    
  0.2033888       1.599657      1.5498977E-02
          62   1.156069      0.8250405      3.9006587E-02  0.6177422    
  0.2036515       1.599657      1.5498977E-02
          63   1.142857      0.8250406      3.9386220E-02  0.6159075    
  0.2039082       1.599657      1.5498977E-02
          64   1.129943      0.8250405      3.9764233E-02  0.6140778    
  0.2041590       1.599657      1.5498977E-02
          65   1.117318      0.8250406      4.0140606E-02  0.6122542    
  0.2044043       1.599657      1.5498977E-02
          66   1.104972      0.8250406      4.0515352E-02  0.6104364    
  0.2046441       1.599657      1.5498977E-02
          67   1.092896      0.8250406      4.0888470E-02  0.6086277    
  0.2048787       1.599657      1.5498977E-02
          68   1.081081      0.8250406      4.1259959E-02  0.6068263    
  0.2051083       1.599657      1.5498977E-02
          69   1.069519      0.8250406      4.1629806E-02  0.6050342    
  0.2053329       1.599657      1.5498977E-02
          70   1.058201      0.8250406      4.1998036E-02  0.6032532    
  0.2055528       1.599657      1.5498977E-02
          71   1.047120      0.8250406      4.2364627E-02  0.6014823    
  0.2057680       1.599657      1.5498977E-02
          72   1.036269      0.8250406      4.2729598E-02  0.5997241    
  0.2059788       1.599657      1.5498977E-02
          73   1.025641      0.8250406      4.3092933E-02  0.5979802    
  0.2061853       1.599657      1.5498977E-02
          74   1.015228      0.8250406      4.3469153E-02  0.5960917    
  0.2063876       1.600000      1.5488760E-02
          75   1.005025      0.8250405      4.3879844E-02  0.5944993    
  0.2065858       1.600000      1.5484499E-02
          76  0.9950249      0.8250406      4.4436123E-02  0.5932854    
  0.2067801       1.600000      1.5480321E-02
          77  0.9852217      0.8250406      4.4994704E-02  0.5921017    
  0.2069705       1.600000      1.5476231E-02
          78  0.9756098      0.8250406      4.5555588E-02  0.5909474    
  0.2071572       1.600000      1.5472217E-02
          79  0.9661836      0.8250406      4.6118785E-02  0.5898237    
  0.2073404       1.600000      1.5468285E-02
          80  0.9569378      0.8250406      4.6684295E-02  0.5887284    
  0.2075200       1.600000      1.5464429E-02
          81  0.9478673      0.8250406      4.7252104E-02  0.5876631    
  0.2076962       1.600000      1.5460646E-02
          82  0.9389671      0.8250406      4.7822218E-02  0.5866271    
  0.2078691       1.600000      1.5456938E-02
          83  0.9302326      0.8250406      4.8394639E-02  0.5856209    
  0.2080388       1.600000      1.5453298E-02
          84  0.9216590      0.8250406      4.8969377E-02  0.5846426    
  0.2082053       1.600000      1.5449724E-02
          85  0.9132420      0.8250406      4.9546424E-02  0.5836924    
  0.2083688       1.600000      1.5446218E-02
          86  0.9049774      0.8250406      5.0125763E-02  0.5827708    
  0.2085294       1.600000      1.5442779E-02
          87  0.8968610      0.8250406      5.0707418E-02  0.5818795    
  0.2086871       1.600000      1.5439400E-02
          88  0.8888889      0.8250406      5.1291376E-02  0.5810152    
  0.2088419       1.600000      1.5436079E-02
          89  0.8810573      0.8250406      5.1877644E-02  0.5801792    
  0.2089941       1.600000      1.5432819E-02
          90  0.8733624      0.8250406      5.2466210E-02  0.5793710    
  0.2091436       1.600000      1.5429618E-02
          91  0.8658009      0.8250406      5.3057171E-02  0.5785906    
  0.2092905       1.600000      1.5427006E-02
          92  0.8583691      0.8250406      5.3650498E-02  0.5778394    
  0.2094348       1.600000      1.5424829E-02
          93  0.8510638      0.8250406      5.4246128E-02  0.5771149    
  0.2052182       1.600000      1.5422682E-02
          94  0.8438818      0.8250406      5.4844078E-02  0.5764182    
  0.2008447       1.600000      1.5420571E-02
          95  0.8368201      0.8250406      5.5444323E-02  0.5757472    
  0.1965444       1.600000      1.5418498E-02
          96  0.8298755      0.8250406      5.6046881E-02  0.5751057    
  0.1923155       1.600000      1.5416461E-02
          97  0.8230453      0.8250406      5.6651741E-02  0.5744884    
  0.1881562       1.600000      1.5414455E-02
          98  0.8163266      0.8250406      5.7258908E-02  0.5738999    
  0.1840648       1.600000      1.5412485E-02
          99  0.8097166      0.8250406      5.7868384E-02  0.5733373    
  0.1800396       1.600000      1.5410545E-02
         100  0.8032129      0.8250406      5.8480155E-02  0.5728002    
  0.1760791       1.600000      1.5408642E-02
         101  0.7968128      0.8250406      5.9094243E-02  0.5722895    
  0.1721818       1.600000      1.5406761E-02
         102  0.7905138      0.8250405      5.9710633E-02  0.5718049    
  0.1683460       1.600000      1.5404917E-02
         103  0.7843137      0.8250406      6.0329322E-02  0.5713460    
  0.1645704       1.600000      1.5403096E-02
         104  0.7782101      0.8250405      6.0950335E-02  0.5709130    
  0.1608536       1.600000      1.5401304E-02
         105  0.7722008      0.8250406      6.1573651E-02  0.5705054    
  0.1571942       1.600000      1.5399548E-02
         106  0.7662835      0.8250406      6.2230323E-02  0.5702156    
  0.1535908       1.600000      1.5397809E-02
         107  0.7604563      0.8250406      6.2966689E-02  0.5701779    
  0.1500423       1.600000      1.5396105E-02
         108  0.7547170      0.8250406      6.3707016E-02  0.5701621    
  0.1465473       1.600000      1.5394424E-02
         109  0.7490637      0.8250406      6.4451292E-02  0.5701689    
  0.1431047       1.600000      1.5392764E-02
         110  0.7434945      0.8250406      6.5199517E-02  0.5701975    
  0.1397133       1.600000      1.5391128E-02
         111  0.7380074      0.8250406      6.5951705E-02  0.5702463    
  0.1363719       1.600000      1.5389521E-02
         112  0.7326007      0.8250406      6.6707827E-02  0.5703161    
  0.1330795       1.600000      1.5387943E-02
         113  0.7272727      0.8250406      6.7467920E-02  0.5704058    
  0.1298350       1.600000      1.5386380E-02
         114  0.7220216      0.8250406      6.8231978E-02  0.5705152    
  0.1266373       1.600000      1.5384840E-02
         115  0.7168459      0.8250406      6.8999983E-02  0.5706435    
  0.1234855       1.600000      1.5383329E-02
         116  0.7117438      0.8250406      6.9771931E-02  0.5707899    
  0.1203786       1.600000      1.5381833E-02
         117  0.7067138      0.8250406      7.0547841E-02  0.5709553    
  0.1173156       1.600000      1.5380358E-02
         118  0.7017544      0.8250406      7.1327694E-02  0.5711380    
  0.1142955       1.600000      1.5378906E-02
         119  0.6968641      0.8250406      7.2111510E-02  0.5713384    
  0.1113176       1.600000      1.5377476E-02
         120  0.6849315      0.8250406      7.4088342E-02  0.5719097    
  0.1040511       1.600000      1.5373979E-02
         121  0.6666667      0.8250406      7.7298760E-02  0.5730448    
  9.2928678E-02   1.599956      1.5381605E-02
         122  0.6493506      0.8250406      8.0566108E-02  0.5744308    
  8.8002071E-02   1.599854      1.5406386E-02
         123  0.6329114      0.8250406      8.3895452E-02  0.5760149    
  8.7562636E-02   1.599758      1.5429942E-02
         124  0.6172839      0.8250406      8.7286800E-02  0.5777737    
  8.7144896E-02   1.599666      1.5452369E-02
         125  0.6024097      0.8250406      9.0740114E-02  0.5796891    
  8.6747296E-02   1.599579      1.5473752E-02
         126  0.5882353      0.8250406      9.4255410E-02  0.5817422    
  8.6368404E-02   1.599495      1.5494145E-02
         127  0.5747126      0.8250406      9.7730361E-02  0.5836629    
  8.6006932E-02   1.599416      1.5513632E-02
         128  0.5617977      0.8250406      0.1012348      0.5856562    
  8.5661709E-02   1.599340      1.5532270E-02
         129  0.5494506      0.8250406      0.1047957      0.5877787    
  8.3762936E-02   1.599268      1.5550108E-02
         130  0.5376344      0.8250406      0.1084129      0.5900131    
  8.0106884E-02   1.599198      1.5567194E-02
         131  0.5263158      0.8250406      0.1120865      0.5923463    
  7.6604769E-02   1.599132      1.5583578E-02
         132  0.5154639      0.8250406      0.1158165      0.5947631    
  7.3247060E-02   1.599068      1.5599302E-02
         133  0.5050505      0.8250406      0.1196028      0.5972521    
  7.0025027E-02   1.599007      1.5614409E-02
         134  0.4950495      0.8250406      0.1234456      0.5998008    
  6.6930607E-02   1.598948      1.5628934E-02
         135  0.4854369      0.8250406      0.1273447      0.6023998    
  6.3956350E-02   1.598892      1.5642898E-02
         136  0.4761905      0.8250406      0.1313002      0.6050388    
  6.1095405E-02   1.598838      1.5656354E-02
         137  0.4672897      0.8250406      0.1353120      0.6077099    
  5.8341406E-02   1.598786      1.5669312E-02
         138  0.4587156      0.8250406      0.1393802      0.6104047    
  5.5688471E-02   1.598735      1.5681801E-02
         139  0.4504505      0.8250406      0.1435048      0.6131173    
  5.3131141E-02   1.598687      1.5693853E-02
         140  0.4424779      0.8250406      0.1473237      0.6152891    
  5.0664335E-02   1.598640      1.5705487E-02
         141  0.4347826      0.8250406      0.1510523      0.6164246    
  4.8283324E-02   1.599657      1.5498977E-02
         142  0.4273504      0.8250405      0.1545287      0.6180457    
  4.5983724E-02   1.599657      1.5498977E-02
         143  0.4201681      0.8250406      0.1580341      0.6197304    
  4.3761417E-02   1.599657      1.5498977E-02
         144  0.4132231      0.8250406      0.1615686      0.6214707    
  4.1612577E-02   1.599657      1.5498977E-02
         145  0.4065041      0.8250406      0.1651321      0.6232629    
  3.9533615E-02   1.599657      1.5498977E-02
         146  0.4000000      0.8250406      0.1687246      0.6251009    
  3.7521183E-02   1.599657      1.5498977E-02
         147  0.3937008      0.8250406      0.1723462      0.6269794    
  3.5572127E-02   1.599657      1.5498977E-02
         148  0.3875969      0.8250406      0.1759968      0.6288939    
  3.3683516E-02   1.599657      1.5498977E-02
         149  0.3816794      0.8250406      0.1796765      0.6308403    
  3.1852566E-02   1.599657      1.5498977E-02
         150  0.3759398      0.8250405      0.1833852      0.6328143    
  3.0076686E-02   1.599657      1.5498977E-02
         151  0.3703704      0.8250406      0.1871230      0.6348126    
  2.8353423E-02   1.599657      1.5498977E-02
         152  0.3649635      0.8250406      0.1908897      0.6368296    
  2.6680477E-02   1.599657      1.5498977E-02
         153  0.3597122      0.8250406      0.1946855      0.6388637    
  2.5055673E-02   1.599657      1.5498977E-02
         154  0.3546099      0.8250406      0.1985104      0.6409095    
  2.3476962E-02   1.599657      1.5498977E-02
         155  0.3496504      0.8250406      0.2023642      0.6429681    
  2.1942411E-02   1.599657      1.5498977E-02
         156  0.3448276      0.8250406      0.2062472      0.6450334    
  2.0450190E-02   1.599657      1.5498977E-02
         157  0.3401361      0.8250406      0.2101592      0.6471030    
  1.8998571E-02   1.599657      1.5498977E-02
         158  0.3355705      0.8250406      0.2129166      0.6478200    
  1.7585933E-02   1.599657      1.5498977E-02
         159  0.3311258      0.8250406      0.2156352      0.6485442    
  1.6210701E-02   1.599657      1.5498977E-02
         160  0.3267974      0.8250406      0.2183499      0.6493111    
  1.4871437E-02   1.599657      1.5498977E-02
         161  0.3225806      0.8250406      0.2210610      0.6501212    
  1.3566721E-02   1.599657      1.5498977E-02
         162  0.3184713      0.8250406      0.2237684      0.6509719    
  1.2295257E-02   1.599657      1.5498977E-02
         163  0.3144654      0.8250406      0.2264720      0.6518621    
  1.1055771E-02   1.599657      1.5498977E-02
         164  0.3105590      0.8250406      0.2291721      0.6527872    
  9.8470859E-03   1.599657      1.5498977E-02
         165  0.3067485      0.8250406      0.2318683      0.6537484    
  8.6680651E-03   1.599657      1.5498977E-02
         166  0.3030303      0.8250406      0.2345610      0.6547425    
  7.5176246E-03   1.599657      1.5498977E-02
         167  0.2994012      0.8250406      0.2372499      0.6557673    
  6.3947290E-03   1.599657      1.5498977E-02
         168  0.2958580      0.8250406      0.2399351      0.6568226    
  5.2984245E-03   1.599657      1.5498977E-02
         169  0.2923976      0.8250406      0.2426166      0.6579040    
  4.2277537E-03   1.599657      1.5498977E-02
         170  0.2890173      0.8250406      0.2452944      0.6590133    
  3.1818449E-03   1.599657      1.5498977E-02
         171  0.2857143      0.8250406      0.2479685      0.6601458    
  2.1598451E-03   1.599657      1.5498977E-02
         172  0.2824859      0.8250406      0.2506390      0.6613018    
  1.1609308E-03   1.599657      1.5498977E-02
         173  0.2793296      0.8250406      0.2533058      0.6624790    
  1.8434599E-04   1.599657      1.5498977E-02
         174  0.2762431      0.8250406      0.2559689      0.6636760    
  0.0000000E+00   1.599657      1.5498977E-02
         175  0.2732241      0.8250406      0.2586281      0.6648923    
  0.0000000E+00   1.599657      1.5498977E-02
         176  0.2702703      0.8250406      0.2612839      0.6661243    
  0.0000000E+00   1.599657      1.5498977E-02
         177  0.2673797      0.8250406      0.2639358      0.6673731    
  0.0000000E+00   1.599657      1.5498977E-02
         178  0.2645503      0.8250406      0.2665840      0.6686372    
  0.0000000E+00   1.599657      1.5498977E-02
         179  0.2617801      0.8250406      0.2692286      0.6699132    
  0.0000000E+00   1.599657      1.5498977E-02
         180  0.2590674      0.8250406      0.2718448      0.6711716    
  0.0000000E+00   1.599657      1.5498977E-02
         181  0.2564103      0.8250406      0.2734453      0.6712082    
  0.0000000E+00   1.599657      1.5498977E-02
         182  0.2538071      0.8250406      0.2750207      0.6712754    
  0.0000000E+00   1.599657      1.5498977E-02
         183  0.2512563      0.8250406      0.2765712      0.6713715    
  0.0000000E+00   1.599657      1.5498977E-02
         184  0.2487562      0.8250406      0.2780969      0.6714956    
  0.0000000E+00   1.599657      1.5498977E-02
         185  0.2463054      0.8250406      0.2795975      0.6716478    
  0.0000000E+00   1.599657      1.5498977E-02
         186  0.2439024      0.8250406      0.2810731      0.6718288    
  0.0000000E+00   1.599657      1.5498977E-02
         187  0.2415459      0.8250406      0.2825237      0.6720358    
  0.0000000E+00   1.599657      1.5498977E-02
         188  0.2392344      0.8250406      0.2839495      0.6722686    
  0.0000000E+00   1.599657      1.5498977E-02
         189  0.2369668      0.8250406      0.2853503      0.6725284    
  0.0000000E+00   1.599657      1.5498977E-02
         190  0.2347418      0.8250406      0.2867261      0.6728120    
  0.0000000E+00   1.599657      1.5498977E-02
         191  0.2325581      0.8250406      0.2880769      0.6731201    
  0.0000000E+00   1.599657      1.5498977E-02
         192  0.2304147      0.8250406      0.2894028      0.6734537    
  0.0000000E+00   1.599657      1.5498977E-02
         193  0.2283105      0.8250406      0.2907039      0.6738095    
  0.0000000E+00   1.599657      1.5498977E-02
         194  0.2262443      0.8250406      0.2919799      0.6741883    
  0.0000000E+00   1.599657      1.5498977E-02
         195  0.2242152      0.8250406      0.2932309      0.6745889    
  0.0000000E+00   1.599657      1.5498977E-02
         196  0.2222222      0.8250406      0.2944570      0.6750107    
  0.0000000E+00   1.599657      1.5498977E-02
         197  0.2202643      0.8250406      0.2956581      0.6754546    
  0.0000000E+00   1.599657      1.5498977E-02
         198  0.2183406      0.8250406      0.2968343      0.6759175    
  0.0000000E+00   1.599657      1.5498977E-02
         199  0.2164502      0.8250406      0.2979855      0.6764006    
  0.0000000E+00   1.599657      1.5498977E-02
         200  0.2145923      0.8250406      0.2991118      0.6769019    
  0.0000000E+00   1.599657      1.5498977E-02
         201  0.2127660      0.8250406      0.3002131      0.6774229    
  0.0000000E+00   1.599657      1.5498977E-02
         202  0.2109705      0.8250406      0.3012895      0.6779624    
  0.0000000E+00   1.599657      1.5498977E-02
         203  0.2092050      0.8250406      0.3023409      0.6785178    
  0.0000000E+00   1.599657      1.5498977E-02
         204  0.2074689      0.8250406      0.3033673      0.6790913    
  0.0000000E+00   1.599657      1.5498977E-02
         205  0.2057613      0.8250406      0.3043689      0.6796812    
  0.0000000E+00   1.599657      1.5498977E-02
         206  0.2040816      0.8250406      0.3053452      0.6802860    
  0.0000000E+00   1.599657      1.5498977E-02
         207  0.2024291      0.8250406      0.3062969      0.6809059    
  0.0000000E+00   1.599657      1.5498977E-02
         208  0.2008032      0.8250406      0.3072235      0.6815420    
  0.0000000E+00   1.599657      1.5498977E-02
