            1
   2.7604944E-03  3.4111002E-03  4.1048136E-03  4.8526516E-03  5.6669270E-03
   6.5314923E-03  7.4492209E-03  8.3995536E-03  9.3923127E-03  1.0419562E-02
   1.1479648E-02  1.2558898E-02  1.3665077E-02  1.4808591E-02
   0.2837766      0.2389352      0.2251345      0.2201502      0.2148622    
   0.2127517      0.2114944      0.2128515      0.2146288      0.2171229    
   0.2201640      0.2243705      0.2290173      0.2332545    

            2
   7.2874211E-02  7.3719397E-02  7.4434042E-02  7.5017527E-02  7.5486921E-02
   7.5857595E-02  7.6137461E-02  7.6334320E-02  7.6439440E-02  7.6481536E-02
   7.6457307E-02  7.6365866E-02  7.6219968E-02  7.6036207E-02
   0.2952198      0.2969890      0.2976759      0.2975923      0.2969083    
   0.2957528      0.2942933      0.2926381      0.2910245      0.2894027    
   0.2878664      0.2865719      0.2854631      0.2845156    

            3
   0.1180727      0.1152666      0.1126288      0.1101775      0.1078972    
   0.1057802      0.1037949      0.1019707      0.1002711      9.8698162E-02
   9.7258456E-02  9.5924504E-02  9.4689943E-02  9.3558937E-02
   0.3568348      0.3567087      0.3567946      0.3569547      0.3572260    
   0.3575872      0.3581623      0.3586728      0.3592805      0.3599043    
   0.3604508      0.3610732      0.3617567      0.3624181    

            4
   4.4801570E-02  4.7148287E-02  4.9536567E-02  5.1962070E-02  5.4428156E-02
   5.6921203E-02  5.9471227E-02  6.2086105E-02  6.4756684E-02  6.7499235E-02
   7.0341386E-02  7.3242389E-02  7.6268427E-02  7.9406120E-02
   0.5065997      0.5063426      0.5053996      0.5041664      0.5026802    
   0.5014267      0.4999742      0.4985353      0.4976109      0.4972644    
   0.4973697      0.4987688      0.5005496      0.5029613    

            5
   0.3456137      0.4378293      0.5477048      0.6749933      0.8181675    
   0.9737379       1.136575       1.300139       1.457759       1.604284    
    1.734452       1.847603       1.944171       2.026839    
   6.4121366E-02  5.9225801E-02  5.4809563E-02  5.1069751E-02  4.8066314E-02
   4.5832023E-02  4.4369690E-02  4.3672077E-02  4.3726884E-02  4.4491503E-02
   4.5975603E-02  4.8112657E-02  5.0851058E-02  5.4116491E-02

            6
    180.2059       181.5532       187.7557       188.0696       172.0242
    172.3926       176.4491       171.8293       145.3552       135.1662
    121.5604       114.6284       86.22979       72.20538
   1.7547613E-03  1.8128271E-03  1.8146740E-03  1.8677984E-03  2.0992437E-03
   2.1476897E-03  2.1475505E-03  2.2551522E-03  2.7266170E-03  2.9971816E-03
   3.4076660E-03  3.6949022E-03  5.0338455E-03  6.1605573E-03

            7
    287.1184       255.6546       235.9353       233.4603       232.4594
    229.6898       301.9070       231.2591       189.1029       171.7028
    112.0009       66.12234       40.21286       28.37545
   9.8947471E-04  1.1180656E-03  1.2255857E-03  1.2603214E-03  1.2957531E-03
   1.3502745E-03  1.0626293E-03  1.4433390E-03  1.8437367E-03  2.1273093E-03
   3.4319493E-03  6.1452352E-03  1.0732983E-02  1.6192874E-02

            8
    8.768570       8.424986       8.116426       7.845927       7.621650
    7.444503       7.312346       7.222629       7.170382       7.152778
    7.164690       7.202216       7.263334       7.344006
   0.1371519      0.1458311      0.1549238      0.1642640      0.1734824
   0.1823139      0.1905702      0.1980851      0.2048268      0.2107285
   0.2158575      0.2202752      0.2240027      0.2271566

            9
    4.575883       4.828743       5.110797       5.420793       5.759010
    6.126233       6.521100       6.939524       7.375134       7.822325
    8.277895       8.711790       9.185895       9.664447
   8.1092536E-02  9.0216935E-02  9.8973431E-02  0.1072032      0.1147651
   0.1215659      0.1276129      0.1330297      0.1380018      0.1426969
   0.1472133      0.1523348      0.1564578      0.1605629

           10
    10.19016       10.74949       11.36387       12.04426       12.81738
    13.61848       14.61352       15.69464       16.86838       18.13952
    19.41988       20.92614       22.50792       24.16128
   7.8880899E-02  8.7761544E-02  9.6527047E-02  0.1050359      0.1130000
   0.1212099      0.1276249      0.1336377      0.1392168      0.1443399
   0.1500236      0.1538271      0.1575076      0.1611149

           11
    96.88525       105.0587       113.4326       121.9328       130.5868    
    139.3556       148.2692       157.3185       166.5418       175.9108    
    185.4037       194.9736       204.5733       213.1900    
   0.1204775      0.1256522      0.1306222      0.1354009      0.1398672    
   0.1439902      0.1476764      0.1509068      0.1536326      0.1558968    
   0.1577463      0.1592568      0.1605037      0.1626517    

           12
    1395.722       1440.068       1478.851       1510.490       1534.056
    1550.107       1558.807       1560.316       1554.771       1544.077
    1522.887       1496.833       1468.247       1434.528
   5.1491652E-02  5.0951172E-02  5.0418954E-02  4.9973663E-02  4.9662951E-02
   4.9481373E-02  4.9438547E-02  4.9545072E-02  4.9815737E-02  5.0206065E-02
   5.0925013E-02  5.1807676E-02  5.2792583E-02  5.4004107E-02

           13
    1507.509       1529.885       1551.138       1570.274       1586.244
    1599.068       1607.704       1611.902       1612.882       1606.928
    1598.973       1585.398       1569.422       1550.397
   6.5774389E-02  6.3308954E-02  6.1117575E-02  5.9210036E-02  5.7594262E-02
   5.6238424E-02  5.5153769E-02  5.4326348E-02  5.3694792E-02  5.3378005E-02
   5.3192925E-02  5.3264420E-02  5.3475581E-02  5.3852215E-02

           14
    1507.509       1529.885       1551.138       1570.274       1586.244
    1599.068       1607.704       1611.902       1612.882       1606.928
    1598.973       1585.398       1569.422       1550.397
   6.5774389E-02  6.3308954E-02  6.1117575E-02  5.9210036E-02  5.7594262E-02
   5.6238424E-02  5.5153769E-02  5.4326348E-02  5.3694792E-02  5.3378005E-02
   5.3192925E-02  5.3264420E-02  5.3475581E-02  5.3852215E-02

           15
    187.4415       212.7825       238.9127       264.1085       288.5051    
    304.6963       319.0227       330.5228       338.1082       344.3503    
    348.1642       350.4850       351.8669       352.5382    
   1.4545459E-02  1.4791722E-02  1.5091161E-02  1.5528658E-02  1.6066264E-02
   1.7103443E-02  1.8254129E-02  1.9582869E-02  2.1170368E-02  2.2872429E-02
   2.4778308E-02  2.6842870E-02  2.9035842E-02  3.1345956E-02

           16
    14.69330       14.17062       13.72849       13.40167       13.17706
    13.04761       13.00444       13.04783       13.18016       13.36865
    13.58872       13.79813       13.97291       14.09008
   1.2679976E-02  1.4409333E-02  1.6241360E-02  1.8118110E-02  2.0028723E-02
   2.1954127E-02  2.3878910E-02  2.5774051E-02  2.7610714E-02  2.9444885E-02
   3.1335052E-02  3.3395827E-02  3.5713769E-02  3.8385548E-02

           17
   0.3962235      0.4766460      0.5650585      0.6603181      0.7613803    
   0.8672190      0.9761963       1.086554       1.196053       1.302715    
    1.404629       1.501420       1.591605       1.675579    
   0.1429034      0.1317303      0.1227179      0.1154373      0.1094978    
   0.1046216      0.1006927      9.7628310E-02  9.5400751E-02  9.3947761E-02
   9.3218908E-02  9.3071096E-02  9.3482196E-02  9.4332956E-02

           18
   3.0153576E-02  3.6989357E-02  4.5166396E-02  5.4842513E-02  6.6197470E-02
   7.9377726E-02  9.4537027E-02  0.1118348      0.1313622      0.1532121    
   0.1774128      0.2039307      0.2328017      0.2640599    
   0.1763410      0.1684076      0.1606532      0.1533375      0.1463606    
   0.1397605      0.1335331      0.1276876      0.1223154      0.1174151    
   0.1129900      0.1090398      0.1054708      0.1022089    

           19
   1.7703564E-03  2.4026667E-03  3.1980004E-03  4.1775801E-03  5.3668809E-03
   6.7862934E-03  8.4773693E-03  1.0464116E-02  1.2799002E-02  1.5514409E-02
   1.8679030E-02  2.2355327E-02  2.6618125E-02  3.1552333E-02
   4.4311341E-02  3.9665073E-02  3.7400406E-02  3.6366627E-02  3.6002193E-02
   3.6087979E-02  3.6317024E-02  3.6674708E-02  3.6962435E-02  3.7157480E-02
   3.7133288E-02  3.6877103E-02  3.6377098E-02  3.5659906E-02

           20
   3.6930587E-04  4.7614946E-04  6.0223590E-04  7.4894470E-04  9.1131264E-04
   1.0895288E-03  1.2884199E-03  1.5035964E-03  1.7360408E-03  1.9822293E-03
   2.2462460E-03  2.5325241E-03  2.8343315E-03  3.1558094E-03
   3.8820889E-02  3.7797783E-02  3.6892604E-02  3.6240857E-02  3.6261883E-02
   3.6584940E-02  3.6666881E-02  3.6848396E-02  3.6976114E-02  3.7151225E-02
   3.7219878E-02  3.7003633E-02  3.6757071E-02  3.6373835E-02

           21
   2.2405233E-02  2.3680076E-02  2.4894390E-02  2.6058614E-02  2.7162392E-02
   2.8213140E-02  2.9211860E-02  3.0154912E-02  3.1047942E-02  3.1884942E-02
   3.2678802E-02  3.3427235E-02  3.4131385E-02  3.4792405E-02
   0.1463604      0.1463033      0.1461856      0.1458261      0.1454971    
   0.1450913      0.1446264      0.1441779      0.1437309      0.1433343    
   0.1428711      0.1424420      0.1420036      0.1415721    

           22
   1.9070610E-02  1.8620828E-02  1.8213337E-02  1.7838772E-02  1.7498521E-02
   1.7194437E-02  1.6916409E-02  1.6668309E-02  1.6446218E-02  1.6250405E-02
   1.6079808E-02  1.5932798E-02  1.5807165E-02  1.5704893E-02
   9.1765724E-02  9.4191760E-02  9.6608013E-02  9.9158734E-02  0.1017798    
   0.1044134      0.1072030      0.1100767      0.1130808      0.1161220    
   0.1192767      0.1224538      0.1257582      0.1290512    

           23
   2.0729471E-02  2.0485783E-02  2.0245267E-02  2.0021407E-02  1.9813888E-02
   1.9619990E-02  1.9455047E-02  1.9314734E-02  1.9207211E-02  1.9135976E-02
   1.9097941E-02  1.9105552E-02  1.9160757E-02  1.9260753E-02
   0.1357924      0.1353641      0.1354509      0.1359365      0.1369190    
   0.1385008      0.1405926      0.1433381      0.1466663      0.1506092    
   0.1553275      0.1606045      0.1664483      0.1729771    

           24
   1.3371951E-02  1.3851394E-02  1.4428075E-02  1.5104454E-02  1.5900593E-02
   1.6817866E-02  1.7883644E-02  1.9103119E-02  2.0489896E-02  2.2051267E-02
   2.3790313E-02  2.5718726E-02  2.7856240E-02  3.0212043E-02
   0.1587910      0.1761596      0.1956549      0.2174738      0.2408903    
   0.2654884      0.2892706      0.3113371      0.3300938      0.3446873    
   0.3547614      0.3600028      0.3603027      0.3562378    

           25
   2.8761253E-02  3.4263685E-02  4.0492512E-02  4.7459431E-02  5.5163879E-02
   6.3625246E-02  7.2835714E-02  8.2783841E-02  9.3501821E-02  0.1049486    
   0.1170762      0.1299210      0.1433780      0.1574449    
   0.2222572      0.2221722      0.2203696      0.2174284      0.2138275    
   0.2097565      0.2054828      0.2012317      0.1969434      0.1928488    
   0.1884730      0.1847520      0.1814341      0.1783404    

           26
   0.3385909      0.3863295      0.4376552      0.4925281      0.5507547    
   0.6123721      0.6777164      0.7467241      0.8191639      0.8947704    
   0.9736944       1.057796       1.145294       1.238455    
   0.1272892      0.1248540      0.1226032      0.1207014      0.1192596    
   0.1182640      0.1176212      0.1173448      0.1174889      0.1180906    
   0.1190888      0.1199520      0.1212850      0.1225840    

           27
    5.903528       6.389208       6.932333       7.534338       8.185555    
    8.875045       9.589581       10.32010       11.06029       11.76852    
    12.51699       13.26209       14.00282       14.74021    
   0.1541749      0.1666219      0.1772726      0.1859779      0.1930764    
   0.1989721      0.2040992      0.2087136      0.2129717      0.2179523    
   0.2216495      0.2252387      0.2287177      0.2320529    

           28
    88.53451       88.99856       89.33285       89.50090       89.49051    
    89.29582       88.87457       88.24771       87.41078       86.38011    
    85.16295       83.76967       82.25700       80.64703    
   0.1175112      0.1169764      0.1161909      0.1153023      0.1144060    
   0.1135783      0.1129347      0.1124927      0.1123038      0.1123816    
   0.1127519      0.1134309      0.1143646      0.1155456    

           29
    137.0795       132.2034       127.7413       123.6926       120.0043    
    116.6114       113.4986       110.6248       107.9592       105.4832    
    103.1718       101.0139       99.02368       97.17389    
   0.1173975      0.1188959      0.1203944      0.1218355      0.1232259    
   0.1245998      0.1259403      0.1272706      0.1286028      0.1299399    
   0.1312959      0.1326693      0.1340215      0.1353770    

           30
    151.7707       148.9951       146.5870       144.3809       142.3343    
    140.3454       138.3678       136.3676       134.3093       132.1547    
    129.9357       127.5892       125.1691       122.7015    
   7.0639506E-02  7.4261025E-02  7.7361442E-02  8.0040373E-02  8.2343400E-02
   8.4364854E-02  8.6167738E-02  8.7811656E-02  8.9359105E-02  9.0875275E-02
   9.2374176E-02  9.3939334E-02  9.5563173E-02  9.7230643E-02

           31
   9.960700       11.12752       11.99783       12.62770       13.11167
    13.53428       13.97345       14.46634       15.03154       15.66318
    16.37147       17.13980       17.96590       18.83087
   2.6462715E-02  2.8435949E-02  3.1428989E-02  3.5290409E-02  3.9799355E-02
   4.4707362E-02  4.9684148E-02  5.4484580E-02  5.8810540E-02  6.2818527E-02
   6.6303693E-02  6.9306254E-02  7.1826003E-02  7.3946245E-02

           32
   0.3615966      0.3787025      0.3940223      0.4091895      0.4256020    
   0.4449109      0.4683814      0.4970536      0.5317213      0.5729118    
   0.6212434      0.6767893      0.7402714      0.8120868    
   7.1064495E-02  7.5432010E-02  8.0841742E-02  8.7093666E-02  9.3945637E-02
   0.1009781      0.1077692      0.1139922      0.1193922      0.1238562    
   0.1272971      0.1298400      0.1314557      0.1322345    

           33
   6.4560853E-02  7.3291436E-02  8.2225978E-02  9.1376320E-02  0.1007474    
   0.1102418      0.1198763      0.1295105      0.1390826      0.1484633    
   0.1575475      0.1662757      0.1745481      0.1823795    
   7.1461923E-02  7.1707673E-02  7.1962528E-02  7.2122149E-02  7.2167404E-02
   7.2185941E-02  7.2177418E-02  7.2262429E-02  7.2489902E-02  7.2935648E-02
   7.3659830E-02  7.4683875E-02  7.6058663E-02  7.7766187E-02

           34
   8.7948255E-03  1.1025116E-02  1.3574866E-02  1.6419603E-02  1.9556096E-02
   2.2962311E-02  2.6620375E-02  3.0538825E-02  3.4687039E-02  3.9052289E-02
   4.3608945E-02  4.8366908E-02  5.3302243E-02  5.8391061E-02
   6.8520516E-02  6.6538393E-02  6.4732164E-02  6.3363776E-02  6.2262103E-02
   6.1438661E-02  6.0816597E-02  6.0288295E-02  5.9868008E-02  5.9503049E-02
   5.9216376E-02  5.8927212E-02  5.8649205E-02  5.8385096E-02

           35
   7.2925264E-04  9.8698179E-04  1.3070757E-03  1.6972010E-03  2.1668309E-03
   2.7201062E-03  3.3591287E-03  4.0908977E-03  4.9292259E-03  5.8722212E-03
   6.9225514E-03  8.0809509E-03  9.3595907E-03  1.0763871E-02
   0.2316394      0.1474859      0.1207416      0.1080196      0.1009205    
   9.6800983E-02  9.4570652E-02  9.3343213E-02  9.1891676E-02  9.0583548E-02
   8.9423195E-02  8.8428497E-02  8.7251313E-02  8.5858144E-02

           36
   1.6886473E-03  1.7902938E-03  1.8991979E-03  2.0140915E-03  2.1394349E-03
   2.2764101E-03  2.4231693E-03  2.5864264E-03  2.7683354E-03  2.9703404E-03
   3.1960423E-03  3.4464439E-03  3.7232777E-03  4.0294542E-03
   0.2653684      0.2651536      0.2639382      0.2651480      0.2633643    
   0.2613751      0.2656670      0.2678658      0.2675031      0.2660319    
   0.2615509      0.2553710      0.2478473      0.2385354    

           37
   5.3475442E-04  5.3441123E-04  5.3666870E-04  5.4082612E-04  5.4711325E-04
   5.5567449E-04  5.6695129E-04  5.8085227E-04  5.9816375E-04  6.1792805E-04
   6.4148044E-04  6.6869106E-04  7.0006429E-04  7.3564023E-04
   0.1312560      0.1335623      0.1351862      0.1368636      0.1385354
   0.1405645      0.1421228      0.1436735      0.1444812      0.1466698
   0.1481222      0.1487917      0.1486800      0.1478570

           38
   8.9202315E-04  9.1545645E-04  9.3718700E-04  9.5663243E-04  9.7456394E-04
   9.9160324E-04  1.0067992E-03  1.0209210E-03  1.0346246E-03  1.0475275E-03
   1.0602400E-03  1.0725858E-03  1.0845761E-03  1.0968401E-03
   0.2397438      0.2386872      0.2361000      0.2350613      0.2337832
   0.2306806      0.2299006      0.2298344      0.2282520      0.2281224
   0.2272509      0.2270056      0.2273716      0.2275460

           39
   5.8654917E-04  6.2947144E-04  6.7633839E-04  7.2662026E-04  7.8034651E-04
   8.3686638E-04  8.9623081E-04  9.5983600E-04  1.0274383E-03  1.0998340E-03
   1.1758285E-03  1.2552602E-03  1.3396554E-03  1.4295410E-03
   0.2100481      0.2147539      0.2125880      0.2121882      0.2125371
   0.2158181      0.2234799      0.2288119      0.2332436      0.2348895
   0.2377974      0.2426348      0.2449474      0.2429847

           40
   6.1693072E-04  7.2564010E-04  8.5710705E-04  1.0135007E-03  1.1962024E-03
   1.4072994E-03  1.6515645E-03  1.9279711E-03  2.2420257E-03  2.5922551E-03
   2.9793514E-03  3.4046662E-03  3.8678234E-03  4.3708701E-03
   0.2372667      0.2608983      0.2679754      0.2684418      0.2690229
   0.2667635      0.2580131      0.2496717      0.2385770      0.2289288
   0.2208901      0.2136779      0.2075698      0.2018408

           41
   8.7462673E-03  1.0557014E-02  1.2559580E-02  1.4714100E-02  1.7055260E-02
   1.9547971E-02  2.2202780E-02  2.4996901E-02  2.7955521E-02  3.1053329E-02
   3.4309007E-02  3.7723083E-02  4.1292660E-02  4.5020726E-02
   0.1628047      0.1696098      0.1751485      0.1810602      0.1858351    
   0.1907117      0.1952458      0.1998829      0.2040391      0.2081040    
   0.2117878      0.2151167      0.2181818      0.2209709    

           42
   0.1291910      0.1400624      0.1516971      0.1641464      0.1773944    
   0.1913682      0.2059627      0.2210447      0.2364796      0.2521854    
   0.2680745      0.2841229      0.3003690      0.3168479    
   0.2184000      0.2238109      0.2276168      0.2300491      0.2315862    
   0.2327692      0.2340747      0.2358944      0.2384830      0.2419459    
   0.2463245      0.2515494      0.2574473      0.2638614    

           43
    2.034141       2.112142       2.177551       2.232668       2.279651    
    2.320369       2.356182       2.387966       2.416962       2.443883    
    2.469691       2.494686       2.519165       2.543705    
   0.1573142      0.1634335      0.1701579      0.1773261      0.1848097    
   0.1925082      0.2003584      0.2083472      0.2163991      0.2244798    
   0.2325136      0.2404824      0.2483642      0.2560974    

           44
    3.295804       3.172527       3.063733       2.968577       2.886504    
    2.815631       2.754299       2.700719       2.653935       2.613220    
    2.578751       2.550828       2.529467       2.515455    
   0.2303553      0.2357477      0.2412997      0.2469067      0.2524454    
   0.2579643      0.2635320      0.2692854      0.2752700      0.2815317    
   0.2879792      0.2944935      0.3009655      0.3072622    

           45
    4.865393       4.958174       5.069371       5.198737       5.344851    
    5.505516       5.678648       5.861139       6.051920       6.249533    
    6.453595       6.664290       6.881434       7.105536    
   0.2344044      0.2407162      0.2460980      0.2505063      0.2540343    
   0.2568637      0.2591817      0.2612249      0.2630771      0.2648268    
   0.2664798      0.2680064      0.2693955      0.2706130    

           46
    7.827775       8.789419       9.740267       10.72080       11.69448    
    12.65698       13.60295       14.52819       15.42965       16.30221    
    17.14582       17.95702       18.73645       19.48346    
   0.2570190      0.2575841      0.2591931      0.2597975      0.2606685    
   0.2617054      0.2628823      0.2641733      0.2655498      0.2670432    
   0.2685985      0.2702435      0.2719333      0.2736685    

           47
    56.84851       56.98614       56.96463       56.80867       56.52258    
    56.12217       55.62392       55.03898       54.38096       53.66611    
    52.90590       52.11794       51.31530       50.50377    
   0.1328918      0.1353258      0.1377768      0.1402793      0.1429140    
   0.1457179      0.1487183      0.1519479      0.1554222      0.1591394    
   0.1631044      0.1672955      0.1716919      0.1762991    

           48
    77.74696       75.87407       74.09071       72.39880       70.78046    
    69.22057       67.71552       66.25564       64.84000       63.46011    
    62.11042       60.79501       59.50842       58.25418    
   0.1897776      0.1908894      0.1920790      0.1933073      0.1946001    
   0.1959869      0.1974631      0.1990528      0.2007516      0.2025831    
   0.2045641      0.2066771      0.2089370      0.2113263    

           49
    81.03027       79.02673       77.44615       76.14994       75.06361
    74.12762       73.30350       72.56297       72.74906       72.16380
    71.60257       71.06125       70.53204       70.00833
   0.1903099      0.2049322      0.2179236      0.2294470      0.2395993
   0.2485120      0.2562977      0.2630717      0.2635816      0.2681927
   0.2721569      0.2755638      0.2784873      0.2809637

           50
    1.980230       2.224085       2.490710       2.782495       3.101758    
    3.450458       3.829056       4.236934       4.671435       5.130524    
    5.610476       6.108239       6.621865       7.149975    
   0.1454315      0.1386007      0.1327995      0.1276468      0.1229087    
   0.1184660      0.1143047      0.1104499      0.1069593      0.1038361    
   0.1011005      9.8735787E-02  9.6696407E-02  9.4934523E-02

           51
   0.3914644      0.4057513      0.4190634      0.4314616      0.4430417    
   0.4538992      0.4641337      0.4738502      0.4831719      0.4922282    
   0.5011448      0.5100482      0.5190792      0.5283391    
   0.2331081      0.2347010      0.2362435      0.2377458      0.2391907    
   0.2405689      0.2418629      0.2430645      0.2441348      0.2450301    
   0.2456958      0.2460681      0.2460743      0.2456743    

           52
   8.6276643E-02  9.3964554E-02  0.1018108      0.1098027      0.1179369    
   0.1261796      0.1345258      0.1429313      0.1513506      0.1597740    
   0.1681433      0.1764611      0.1847026      0.1928436    
   0.1516747      0.1587604      0.1651131      0.1706906      0.1754611    
   0.1795071      0.1828558      0.1856264      0.1879353      0.1897335    
   0.1912709      0.1924786      0.1933985      0.1940729    

           53
   5.6149014E-03  6.5044258E-03  7.4971542E-03  8.6101806E-03  9.8407166E-03
   1.1204831E-02  1.2706567E-02  1.4358942E-02  1.6156912E-02  1.8098503E-02
   2.0196343E-02  2.2447793E-02  2.4849992E-02  2.7403209E-02
   0.1682048      0.1777595      0.1880551      0.1976237      0.2067922    
   0.2145917      0.2209972      0.2256241      0.2291476      0.2317850    
   0.2331755      0.2336060      0.2333061      0.2322837    

           54
   8.4148103E-04  9.9404959E-04  1.1608761E-03  1.3415094E-03  1.5373195E-03
   1.7462511E-03  1.9701952E-03  2.2071365E-03  2.4585982E-03  2.7237355E-03
   3.0036485E-03  3.2973222E-03  3.6068459E-03  3.9280299E-03
   0.2374600      0.1923718      0.1716430      0.1586936      0.1491957    
   0.1437919      0.1399428      0.1379286      0.1367406      0.1360068    
   0.1351386      0.1341882      0.1328581      0.1321030    

           55
   1.7440337E-04  2.1786707E-04  2.6779831E-04  3.2436693E-04  3.8793526E-04
   4.5844482E-04  5.3652161E-04  6.2165363E-04  7.1428274E-04  8.1432221E-04
   9.2152890E-04  1.0357994E-03  1.1572256E-03  1.2854974E-03
   0.2142960      0.1966237      0.1818209      0.1725042      0.1634777
   0.1567794      0.1499332      0.1433041      0.1373487      0.1317582
   0.1265455      0.1216339      0.1168996      0.1125658

           56
   5.9251214E-04  6.3431950E-04  6.8924873E-04  7.5610942E-04  8.3408394E-04
   9.2112244E-04  1.0174557E-03  1.1232641E-03  1.2363640E-03  1.3558215E-03
   1.4807758E-03  1.6129967E-03  1.7502413E-03  1.8917402E-03
   0.1221930      0.1275292      0.1240185      0.1167062      0.1082555
   0.1012135      9.4939694E-02  8.9064948E-02  8.4048398E-02  8.0117680E-02
   7.6979630E-02  7.3849618E-02  7.1218364E-02  6.9006704E-02

           57
   1.5037170E-02  1.5834121E-02  1.6610239E-02  1.7365914E-02  1.8099062E-02
   1.8814506E-02  1.9508610E-02  2.0186946E-02  2.0850290E-02  2.1496821E-02
   2.2124726E-02  2.2741390E-02  2.3341298E-02  2.3929549E-02
   0.1968140      0.1996798      0.2023627      0.2047761      0.2069713    
   0.2087782      0.2102942      0.2113813      0.2120530      0.2123986    
   0.2124930      0.2121934      0.2116834      0.2108923    

           58
   5.1768221E-02  5.3683992E-02  5.5538442E-02  5.7328168E-02  5.9052613E-02
   6.0721789E-02  6.2331539E-02  6.3886970E-02  6.5384053E-02  6.6826098E-02
   6.8213053E-02  6.9544546E-02  7.0823230E-02  7.2054766E-02
   0.2576602      0.2575477      0.2570274      0.2561466      0.2549368    
   0.2533446      0.2514816      0.2493648      0.2470739      0.2446421    
   0.2421056      0.2395240      0.2368967      0.2342322    

           59
   0.1136028      0.1110474      0.1086958      0.1065073      0.1044906    
   0.1026096      0.1008554      9.9224001E-02  9.7698666E-02  9.6278347E-02
   9.4956495E-02  9.3725823E-02  9.2581317E-02  9.1515757E-02
   0.2783885      0.2806940      0.2827260      0.2846496      0.2864117    
   0.2881658      0.2899411      0.2917587      0.2936508      0.2956121    
   0.2976213      0.2996910      0.3017977      0.3039466    

           60
   0.1980462      0.1937773      0.1896086      0.1855690      0.1816933    
   0.1780242      0.1745635      0.1713372      0.1683985      0.1657441    
   0.1634073      0.1613634      0.1596424      0.1582197    
   0.1926498      0.1957819      0.1991864      0.2028416      0.2067210    
   0.2107581      0.2149346      0.2191739      0.2233218      0.2273061    
   0.2309688      0.2342824      0.2370934      0.2393973    

           61
   8.0787957E-02  8.8179417E-02  9.6342936E-02  0.1053458      0.1151958    
   0.1259341      0.1375529      0.1500400      0.1633841      0.1775551    
   0.1925437      0.2083197      0.2249205      0.2423312    
   0.3837333      0.3846818      0.3840917      0.3819136      0.3785596    
   0.3741885      0.3692238      0.3640336      0.3588011      0.3536728    
   0.3486039      0.3435583      0.3383130      0.3328302    

           62
   0.6584302      0.7199587      0.7794156      0.8363879      0.8907446    
   0.9423897      0.9914111       1.037999       1.082293       1.124525    
    1.164932       1.203589       1.240683       1.276340    
   0.2518173      0.2592795      0.2669615      0.2747353      0.2824322    
   0.2899239      0.2970643      0.3037010      0.3097396      0.3150841    
   0.3196642      0.3234891      0.3265483      0.3288633    

           63
    2.097068       2.057448       2.015209       1.971457       1.926566    
    1.881405       1.836721       1.792865       1.750270       1.709345    
    1.670005       1.632635       1.597242       1.563803    
   0.2758315      0.2737005      0.2722607      0.2713949      0.2710939    
   0.2712357      0.2717043      0.2724312      0.2733289      0.2742914    
   0.2753172      0.2762919      0.2771791      0.2779487    

           64
    7.787342       7.652970       7.517838       7.381906       7.246429    
    7.110367       6.974813       6.841154       6.709873       6.582182    
    6.459506       6.341034       6.229570       6.124001    
   0.1547368      0.1524848      0.1505903      0.1490373      0.1477794    
   0.1468297      0.1461512      0.1457019      0.1454574      0.1453749    
   0.1454027      0.1455463      0.1457111      0.1459096    

           65
    2.780908       2.915599       3.033059       3.135479       3.224815    
    3.302741       3.371252       3.431504       3.485239       3.533696    
    3.578013       3.619457       3.657965       3.694391    
   0.1313757      0.1346361      0.1382643      0.1421092      0.1460595    
   0.1500334      0.1539373      0.1577261      0.1613217      0.1646722    
   0.1677328      0.1704544      0.1728502      0.1749184    

           66
   0.1324873      0.1343228      0.1368574      0.1401265      0.1441814    
   0.1490570      0.1547662      0.1613419      0.1687713      0.1770578    
   0.1861837      0.1961388      0.2069219      0.2185193    
   0.4811253      0.4919016      0.5025247      0.5119371      0.5190389    
   0.5230191      0.5235175      0.5203933      0.5140050      0.5047492    
   0.4931812      0.4798015      0.4650252      0.4493111    

           67
   3.8938727E-02  3.9813355E-02  4.0695064E-02  4.1577682E-02  4.2451531E-02
   4.3310028E-02  4.4154678E-02  4.4974539E-02  4.5764867E-02  4.6524428E-02
   4.7255605E-02  4.7945350E-02  4.8603449E-02  4.9222331E-02
   0.2053886      0.2109350      0.2152814      0.2185035      0.2207969    
   0.2222984      0.2230839      0.2233634      0.2232611      0.2228428    
   0.2221618      0.2213825      0.2204580      0.2194811    

           68
   1.2418880E-02  1.3267457E-02  1.4085451E-02  1.4875949E-02  1.5628194E-02
   1.6346719E-02  1.7033597E-02  1.7691785E-02  1.8321728E-02  1.8920485E-02
   1.9488391E-02  2.0036770E-02  2.0557012E-02  2.1045806E-02
   8.2802854E-02  8.5301042E-02  8.7846950E-02  9.0356112E-02  9.2900530E-02
   9.5420070E-02  9.7827159E-02  0.1001148      0.1022577      0.1042630    
   0.1061253      0.1077333      0.1091774      0.1105269    

           69
   1.0266834E-03  1.2262206E-03  1.4516115E-03  1.7000239E-03  1.9700311E-03
   2.2601192E-03  2.5668810E-03  2.8874290E-03  3.2259503E-03  3.5772766E-03
   3.9386023E-03  4.3062023E-03  4.6808464E-03  5.0609745E-03
   0.1133472      0.1009521      9.2428349E-02  8.7452687E-02  8.4544957E-02
   8.2189977E-02  8.1055567E-02  8.0634378E-02  7.9936564E-02  7.9357356E-02
   7.8961700E-02  7.8803807E-02  7.8578159E-02  7.8316607E-02

           70
   4.3889591E-05  5.3379674E-05  6.3915897E-05  7.5462012E-05  8.8144596E-05
   1.0200473E-04  1.1702281E-04  1.3315601E-04  1.5051359E-04  1.6897710E-04
   1.8882164E-04  2.0988195E-04  2.3221408E-04  2.5591542E-04
   3.5839308E-02  3.5214953E-02  3.4965709E-02  3.5323154E-02  3.5755616E-02
   3.6437146E-02  3.7575793E-02  3.9088070E-02  4.0610164E-02  4.2516671E-02
   4.4037599E-02  4.5473143E-02  4.6711113E-02  4.7670130E-02

           71
   0.0000000E+00  0.0000000E+00  0.0000000E+00  0.0000000E+00  0.0000000E+00
   0.0000000E+00  0.0000000E+00  0.0000000E+00  0.0000000E+00  0.0000000E+00
   0.0000000E+00  0.0000000E+00  0.0000000E+00  0.0000000E+00
   0.0000000E+00  0.0000000E+00  0.0000000E+00  0.0000000E+00  0.0000000E+00
   0.0000000E+00  0.0000000E+00  0.0000000E+00  0.0000000E+00  0.0000000E+00
   0.0000000E+00  0.0000000E+00  0.0000000E+00  0.0000000E+00

           72
   7.2222756E-05  8.4506064E-05  9.7702032E-05  1.1141691E-04  1.2568053E-04
   1.4055816E-04  1.5570805E-04  1.7114780E-04  1.8688999E-04  2.0262941E-04
   2.1848557E-04  2.3433990E-04  2.5006389E-04  2.6570974E-04
   6.3443482E-02  6.0251307E-02  5.7541661E-02  5.5902131E-02  5.5261198E-02
   5.4257426E-02  5.4098058E-02  5.3931326E-02  5.3460997E-02  5.3517465E-02
   5.3493306E-02  5.3436734E-02  5.3511888E-02  5.3550217E-02

           73
   1.4151268E-03  1.4478811E-03  1.4770490E-03  1.5017415E-03  1.5240769E-03
   1.5452778E-03  1.5619165E-03  1.5789747E-03  1.5932970E-03  1.6050931E-03
   1.6155150E-03  1.6247231E-03  1.6317719E-03  1.6390072E-03
   0.2667678      0.2668863      0.2675864      0.2731106      0.2762453
   0.2724445      0.2775492      0.2731481      0.2715763      0.2713608
   0.2694863      0.2658751      0.2634797      0.2583614

           74
   2.2384243E-03  2.1725916E-03  2.1125323E-03  2.0585177E-03  2.0086137E-03
   1.9647100E-03  1.9220005E-03  1.8823320E-03  1.8467475E-03  1.8139440E-03
   1.7837221E-03  1.7561468E-03  1.7291047E-03  1.7066268E-03
   0.1947532      0.2005859      0.2054248      0.2094741      0.2141881
   0.2165623      0.2229817      0.2303527      0.2356282      0.2402108
   0.2438937      0.2462452      0.2521574      0.2494274

           75
   3.9372696E-03  3.9514434E-03  3.9600283E-03  3.9682663E-03  3.9748531E-03
   3.9775730E-03  3.9803823E-03  3.9845379E-03  3.9852220E-03  3.9878068E-03
   3.9878609E-03  3.9894930E-03  3.9897151E-03  3.9910437E-03
   0.2442196      0.2439250      0.2450073      0.2451558      0.2453004
   0.2470224      0.2481872      0.2483085      0.2500627      0.2503538
   0.2522522      0.2529033      0.2546310      0.2554644

           76
   1.6339779E-03  1.8250594E-03  2.0275293E-03  2.2399521E-03  2.4663280E-03
   2.7057151E-03  2.9565673E-03  3.2267121E-03  3.5131751E-03  3.8173913E-03
   4.1467794E-03  4.4895979E-03  4.8515447E-03  5.2326429E-03
   0.3315341      0.3059054      0.2856281      0.2741518      0.2621100
   0.2518763      0.2457062      0.2351013      0.2245485      0.2139234
   0.2006742      0.1907816      0.1813337      0.1723297

           77
   1.7182095E-02  1.9273095E-02  2.1439863E-02  2.3674240E-02  2.5964931E-02
   2.8306995E-02  3.0675674E-02  3.3078574E-02  3.5500631E-02  3.7940126E-02
   4.0389970E-02  4.2845514E-02  4.5298558E-02  4.7754899E-02
   0.1739138      0.1746470      0.1757772      0.1771385      0.1787525
   0.1805123      0.1825996      0.1847480      0.1870492      0.1893519
   0.1916543      0.1938856      0.1960487      0.1979835

           78
   0.1579071      0.1598504      0.1614803      0.1628726      0.1640588
   0.1650902      0.1660096      0.1668660      0.1676947      0.1685403
   0.1694487      0.1704588      0.1716146      0.1729514
   0.2233298      0.2255019      0.2279911      0.2307958      0.2339773
   0.2375460      0.2414903      0.2457947      0.2504345      0.2553243
   0.2603541      0.2653840      0.2702374      0.2747521

           79
   0.3042355      0.3050085      0.3077604      0.3122564      0.3183192
   0.3257902      0.3345430      0.3444407      0.3553724      0.3672085
   0.3798369      0.3931101      0.4069125      0.4211406
   0.2105074      0.2177693      0.2241118      0.2294966      0.2338731
   0.2372193      0.2395222      0.2408282      0.2411930      0.2407437
   0.2396039      0.2379337      0.2358616      0.2334987

           80
   0.6875172      0.7331272      0.7771183      0.8194524      0.8600268
   0.8988014      0.9356728      0.9706184       1.003581       1.034630
    1.063714       1.090920       1.116298       1.139912
   0.3494477      0.3481533      0.3464440      0.3443333      0.3419195
   0.3392800      0.3365277      0.3337243      0.3309352      0.3281647
   0.3254625      0.3228246      0.3202506      0.3177471

           81
    1.564620       1.573317       1.580518       1.586357       1.591130
    1.594854       1.597836       1.600373       1.602720       1.604904
    1.606997       1.609057       1.611109       1.613027
   0.2763321      0.2754391      0.2746225      0.2739088      0.2732612
   0.2726980      0.2721578      0.2715785      0.2709002      0.2701176
   0.2692177      0.2681882      0.2670321      0.2657825

           82
    3.115744       2.995782       2.883075       2.777484       2.678823
    2.586649       2.500787       2.420845       2.346392       2.277209
    2.212794       2.152879       2.097191       2.045442
   0.1904016      0.1913980      0.1926444      0.1940988      0.1957166
   0.1974761      0.1993317      0.2012592      0.2032409      0.2052343
   0.2072324      0.2092050      0.2111223      0.2129650

           83
   0.9168896      0.9877350       1.053963       1.114698       1.169740
    1.219461       1.264591       1.305970       1.344522       1.381035
    1.416152       1.450425       1.484278       1.517848
   0.1329304      0.1330270      0.1340681      0.1360171      0.1387616
   0.1421418      0.1459745      0.1500887      0.1543140      0.1585053
   0.1625443      0.1663318      0.1697925      0.1729033

           84
   9.6397467E-02  9.8864540E-02  0.1013920      0.1039566      0.1065177
   0.1090509      0.1115370      0.1139648      0.1163076      0.1185780
   0.1207474      0.1228215      0.1247979      0.1266716
   0.3215950      0.3245878      0.3262352      0.3266861      0.3262076
   0.3249772      0.3231517      0.3208431      0.3182080      0.3152285
   0.3120681      0.3087367      0.3052609      0.3016922

           85
   0.2264550      0.2265387      0.2265264      0.2264595      0.2263374
   0.2261677      0.2259639      0.2257249      0.2254657      0.2251789
   0.2248628      0.2245243      0.2241476      0.2237424
   0.2896692      0.2948338      0.2995966      0.3039180      0.3078153
   0.3112987      0.3143556      0.3170121      0.3192514      0.3211188
   0.3226411      0.3238313      0.3247383      0.3253823

           86
   0.2982542      0.2895895      0.2814851      0.2738844      0.2667321
   0.2599601      0.2535317      0.2474182      0.2415853      0.2359901
   0.2306490      0.2254945      0.2205587      0.2157945
   0.1586348      0.1574350      0.1561692      0.1548574      0.1535213
   0.1521986      0.1508948      0.1496228      0.1483913      0.1472217
   0.1460854      0.1450265      0.1440048      0.1430472

           87
   0.2075822      0.2129636      0.2179348      0.2225649      0.2269567
   0.2311225      0.2351458      0.2390157      0.2427360      0.2462979
   0.2497362      0.2530378      0.2561911      0.2592364
   9.9761270E-02  0.1025067      0.1051679      0.1076923      0.1100102
   0.1121119      0.1139562      0.1155603      0.1169344      0.1181036
   0.1190567      0.1198172      0.1204048      0.1208088

           88
   3.0216863E-03  3.0808784E-03  3.1383997E-03  3.1947815E-03  3.2508455E-03
   3.3064070E-03  3.3638196E-03  3.4218824E-03  3.4804975E-03  3.5418975E-03
   3.6028842E-03  3.6693900E-03  3.7352343E-03  3.8028071E-03
   0.1645115      0.1628176      0.1615218      0.1605047      0.1595136
   0.1591733      0.1586918      0.1583831      0.1581312      0.1574003
   0.1569255      0.1549377      0.1531975      0.1510145

           89
   7.2222756E-05  8.4506064E-05  9.7702032E-05  1.1141691E-04  1.2568053E-04
   1.4055816E-04  1.5570805E-04  1.7114780E-04  1.8688999E-04  2.0262941E-04
   2.1848557E-04  2.3433990E-04  2.5006389E-04  2.6570974E-04
   6.3443482E-02  6.0251307E-02  5.7541661E-02  5.5902131E-02  5.5261198E-02
   5.4257426E-02  5.4098058E-02  5.3931326E-02  5.3460997E-02  5.3517465E-02
   5.3493306E-02  5.3436734E-02  5.3511888E-02  5.3550217E-02

           90
   0.0000000E+00  0.0000000E+00  0.0000000E+00  0.0000000E+00  0.0000000E+00
   0.0000000E+00  0.0000000E+00  0.0000000E+00  0.0000000E+00  0.0000000E+00
   0.0000000E+00  0.0000000E+00  0.0000000E+00  0.0000000E+00
   0.0000000E+00  0.0000000E+00  0.0000000E+00  0.0000000E+00  0.0000000E+00
   0.0000000E+00  0.0000000E+00  0.0000000E+00  0.0000000E+00  0.0000000E+00
   0.0000000E+00  0.0000000E+00  0.0000000E+00  0.0000000E+00

           91
   0.0000000E+00  0.0000000E+00  0.0000000E+00  0.0000000E+00  0.0000000E+00
   0.0000000E+00  0.0000000E+00  0.0000000E+00  0.0000000E+00  0.0000000E+00
   0.0000000E+00  0.0000000E+00  0.0000000E+00  0.0000000E+00
   0.0000000E+00  0.0000000E+00  0.0000000E+00  0.0000000E+00  0.0000000E+00
   0.0000000E+00  0.0000000E+00  0.0000000E+00  0.0000000E+00  0.0000000E+00
   0.0000000E+00  0.0000000E+00  0.0000000E+00  0.0000000E+00

           92
   3.2588991E-04  3.7295686E-04  4.2152300E-04  4.7100263E-04  5.2077277E-04
   5.7091028E-04  6.2071928E-04  6.7052408E-04  7.1975979E-04  7.6832541E-04
   8.1637851E-04  8.6283655E-04  9.0826437E-04  9.5275766E-04
   0.1080462      0.1066201      0.1053269      0.1043598      0.1037562
   0.1026618      0.1018899      0.1006201      9.9323571E-02  9.8006450E-02
   9.6432365E-02  9.5150962E-02  9.3796164E-02  9.2328973E-02

           93
   2.6432720E-03  2.6557636E-03  2.6649653E-03  2.6710907E-03  2.6749778E-03
   2.6774725E-03  2.6748683E-03  2.6701239E-03  2.6662878E-03  2.6591523E-03
   2.6544665E-03  2.6458499E-03  2.6387335E-03  2.6305434E-03
   0.2556897      0.2598196      0.2629377      0.2662210      0.2688315
   0.2700055      0.2739944      0.2797547      0.2803948      0.2844437
   0.2835922      0.2867639      0.2858201      0.2873170

           94
   4.8085363E-03  4.7371313E-03  4.6857675E-03  4.6467911E-03  4.6234690E-03
   4.6192319E-03  4.6328157E-03  4.6656081E-03  4.7191121E-03  4.7921757E-03
   4.8883297E-03  5.0082039E-03  5.1433728E-03  5.3012897E-03
   0.2290575      0.2303815      0.2299609      0.2317424      0.2347406
   0.2377305      0.2418243      0.2462342      0.2500257      0.2539423
   0.2555328      0.2541838      0.2536833      0.2502640

           95
   9.2945714E-03  1.0586119E-02  1.1950987E-02  1.3375673E-02  1.4848153E-02
   1.6362183E-02  1.7903782E-02  1.9472854E-02  2.1054586E-02  2.2644382E-02
   2.4233952E-02  2.5811415E-02  2.7383326E-02  2.8939672E-02
   0.2885182      0.2775351      0.2673045      0.2582479      0.2503126
   0.2430063      0.2365662      0.2304075      0.2248802      0.2197253
   0.2149596      0.2106828      0.2065540      0.2026874

           96
   9.3353532E-02  9.5229335E-02  9.6788615E-02  9.8058246E-02  9.9081196E-02
   9.9874757E-02  0.1004718      0.1008856      0.1011439      0.1012734    
   0.1012710      0.1011599      0.1009416      0.1006461    
   0.1495478      0.1491489      0.1485778      0.1478776      0.1470479    
   0.1461300      0.1451249      0.1440679      0.1429597      0.1417914    
   0.1406140      0.1394178      0.1382270      0.1370196    

           97
   0.1745724      0.1704948      0.1666816      0.1631343      0.1598091    
   0.1566814      0.1537848      0.1510662      0.1485210      0.1461251    
   0.1438745      0.1417454      0.1397577      0.1378771    
   0.1211359      0.1191520      0.1174366      0.1159331      0.1146264    
   0.1134952      0.1124688      0.1115607      0.1107441      0.1100170    
   0.1093596      0.1087724      0.1082165      0.1077075    

           98
   0.1802504      0.1807107      0.1811128      0.1814633      0.1817556    
   0.1819838      0.1821368      0.1822226      0.1822264      0.1821456    
   0.1820085      0.1817913      0.1815113      0.1811761    
   0.2080070      0.2111015      0.2133385      0.2147891      0.2155490    
   0.2157114      0.2153739      0.2146102      0.2135133      0.2121515    
   0.2105417      0.2087669      0.2068446      0.2048032    

           99
   8.9542260E-03  9.4436491E-03  9.9882185E-03  1.0586455E-02  1.1232955E-02
   1.1924671E-02  1.2658332E-02  1.3429827E-02  1.4235307E-02  1.5073933E-02
   1.5941447E-02  1.6835181E-02  1.7749170E-02  1.8684650E-02
   0.4431751      0.4526274      0.4565625      0.4553774      0.4504756    
   0.4426730      0.4327945      0.4215511      0.4094434      0.3966548    
   0.3835694      0.3704000      0.3575064      0.3447376    

          100
   1.2918979E-02  1.2975807E-02  1.3017281E-02  1.3041833E-02  1.3053047E-02
   1.3051187E-02  1.3037121E-02  1.3011003E-02  1.2974750E-02  1.2927805E-02
   1.2871714E-02  1.2808469E-02  1.2738525E-02  1.2661986E-02
   0.3952904      0.4010772      0.4055984      0.4091571      0.4116086    
   0.4131718      0.4139549      0.4140758      0.4136441      0.4128104    
   0.4115888      0.4099606      0.4080001      0.4057988    

          101
   1.0870160E-02  1.0709608E-02  1.0561178E-02  1.0422488E-02  1.0289674E-02
   1.0165824E-02  1.0048031E-02  9.9377735E-03  9.8310057E-03  9.7283414E-03
   9.6305050E-03  9.5351357E-03  9.4448030E-03  9.3562528E-03
   0.2442454      0.2456354      0.2467209      0.2475742      0.2483741    
   0.2488572      0.2491544      0.2490459      0.2488859      0.2485380    
   0.2479548      0.2472410      0.2462035      0.2451030    

          102
   1.5221522E-02  1.5113628E-02  1.5003189E-02  1.4890501E-02  1.4772920E-02
   1.4656398E-02  1.4534654E-02  1.4410811E-02  1.4284143E-02  1.4154755E-02
   1.4023223E-02  1.3888605E-02  1.3752451E-02  1.3614661E-02
   0.2274000      0.2306536      0.2331624      0.2349577      0.2362061    
   0.2367402      0.2368793      0.2365781      0.2359044      0.2349543    
   0.2337314      0.2323794      0.2308211      0.2291461    

          103
   5.6244072E-04  6.3454814E-04  7.1007677E-04  7.8813604E-04  8.6869247E-04
   9.5167878E-04  1.0365921E-03  1.1231861E-03  1.2108270E-03  1.2991554E-03
   1.3889992E-03  1.4786776E-03  1.5689667E-03  1.6594747E-03
   9.0896346E-02  8.9320011E-02  8.8422775E-02  8.8367611E-02  8.8452451E-02
   8.8322930E-02  8.8162139E-02  8.7789021E-02  8.7435752E-02  8.6945139E-02
   8.5946530E-02  8.5038684E-02  8.3836436E-02  8.2489610E-02

          104
   0.0000000E+00  0.0000000E+00  0.0000000E+00  0.0000000E+00  0.0000000E+00
   0.0000000E+00  0.0000000E+00  0.0000000E+00  0.0000000E+00  0.0000000E+00
   0.0000000E+00  0.0000000E+00  0.0000000E+00  0.0000000E+00
   0.0000000E+00  0.0000000E+00  0.0000000E+00  0.0000000E+00  0.0000000E+00
   0.0000000E+00  0.0000000E+00  0.0000000E+00  0.0000000E+00  0.0000000E+00
   0.0000000E+00  0.0000000E+00  0.0000000E+00  0.0000000E+00

          105
   0.0000000E+00  0.0000000E+00  0.0000000E+00  0.0000000E+00  0.0000000E+00
   0.0000000E+00  0.0000000E+00  0.0000000E+00  0.0000000E+00  0.0000000E+00
   0.0000000E+00  0.0000000E+00  0.0000000E+00  0.0000000E+00
   0.0000000E+00  0.0000000E+00  0.0000000E+00  0.0000000E+00  0.0000000E+00
   0.0000000E+00  0.0000000E+00  0.0000000E+00  0.0000000E+00  0.0000000E+00
   0.0000000E+00  0.0000000E+00  0.0000000E+00  0.0000000E+00

          106
   0.0000000E+00  0.0000000E+00  0.0000000E+00  0.0000000E+00  0.0000000E+00
   0.0000000E+00  0.0000000E+00  0.0000000E+00  0.0000000E+00  0.0000000E+00
   0.0000000E+00  0.0000000E+00  0.0000000E+00  0.0000000E+00
   0.0000000E+00  0.0000000E+00  0.0000000E+00  0.0000000E+00  0.0000000E+00
   0.0000000E+00  0.0000000E+00  0.0000000E+00  0.0000000E+00  0.0000000E+00
   0.0000000E+00  0.0000000E+00  0.0000000E+00  0.0000000E+00

          107
   0.0000000E+00  0.0000000E+00  0.0000000E+00  0.0000000E+00  0.0000000E+00
   0.0000000E+00  0.0000000E+00  0.0000000E+00  0.0000000E+00  0.0000000E+00
   0.0000000E+00  0.0000000E+00  0.0000000E+00  0.0000000E+00
   0.0000000E+00  0.0000000E+00  0.0000000E+00  0.0000000E+00  0.0000000E+00
   0.0000000E+00  0.0000000E+00  0.0000000E+00  0.0000000E+00  0.0000000E+00
   0.0000000E+00  0.0000000E+00  0.0000000E+00  0.0000000E+00

          108
   8.5959895E-05  8.2091035E-05  7.8731384E-05  7.5762153E-05  7.3184157E-05
   7.0880829E-05  6.8836052E-05  6.7030953E-05  6.5353473E-05  6.3769461E-05
   6.2355517E-05  6.0989376E-05  5.9675425E-05  5.8591322E-05
   0.2154468      0.2214211      0.2324819      0.2522187      0.2677489
   0.2667633      0.2613122      0.2512525      0.2365051      0.2449070
   0.2290834      0.2387908      0.2727638      0.2434026

          109
   2.1304045E-04  2.0505438E-04  1.9895469E-04  1.9474573E-04  1.9214804E-04
   1.9107694E-04  1.9137988E-04  1.9300533E-04  1.9592901E-04  1.9988266E-04
   2.0493873E-04  2.1096351E-04  2.1788695E-04  2.2564374E-04
   0.3704493      0.3885465      0.4144654      0.4383382      0.4555871
   0.4642357      0.4714106      0.4720235      0.4533457      0.4378920
   0.4163015      0.3850941      0.3555339      0.3242738

          110
   1.2931173E-03  1.4106727E-03  1.5496528E-03  1.7079184E-03  1.8838558E-03
   2.0776493E-03  2.2880104E-03  2.5148934E-03  2.7542016E-03  3.0082583E-03
   3.2752499E-03  3.5553568E-03  3.8461476E-03  4.1492539E-03
   0.2775180      0.2759781      0.2702566      0.2649488      0.2609042    
   0.2567350      0.2537626      0.2509528      0.2508143      0.2509968    
   0.2518649      0.2528548      0.2547295      0.2563940    

          111
   1.2297032E-02  1.2718602E-02  1.3159073E-02  1.3621598E-02  1.4111193E-02
   1.4629305E-02  1.5178260E-02  1.5759462E-02  1.6368650E-02  1.7009877E-02
   1.7677367E-02  1.8370816E-02  1.9085540E-02  1.9819463E-02
   0.3516575      0.3616310      0.3730447      0.3854005      0.3979179    
   0.4100397      0.4211490      0.4306227      0.4384590      0.4439843    
   0.4474554      0.4487205      0.4481109      0.4457349    

          112
   4.0464506E-02  4.2432129E-02  4.4442445E-02  4.6475574E-02  4.8509099E-02
   5.0524328E-02  5.2505895E-02  5.4449100E-02  5.6342885E-02  5.8187839E-02
   5.9976559E-02  6.1709680E-02  6.3379988E-02  6.4994045E-02
   0.3959024      0.3851822      0.3754893      0.3667034      0.3588094    
   0.3517563      0.3454749      0.3397965      0.3346699      0.3299333    
   0.3255510      0.3214161      0.3175280      0.3137738    

          113
   0.1199503      0.1206851      0.1212619      0.1216981      0.1220050    
   0.1222009      0.1222895      0.1222861      0.1221978      0.1220271    
   0.1217859      0.1214768      0.1211064      0.1206849    
   0.4356821      0.4305915      0.4255140      0.4203986      0.4152495    
   0.4100284      0.4047879      0.3995170      0.3942501      0.3890210    
   0.3838301      0.3787090      0.3736616      0.3686804    

          114
   0.1951719      0.1876503      0.1805465      0.1738426      0.1675378    
   0.1616196      0.1560589      0.1508532      0.1459723      0.1414066    
   0.1371146      0.1330951      0.1293173      0.1257610    
   0.2273057      0.2263483      0.2259860      0.2261195      0.2266246    
   0.2274075      0.2284117      0.2295410      0.2307582      0.2319914    
   0.2332491      0.2344546      0.2356112      0.2367072    

          115
   9.8720990E-02  0.1017878      0.1046428      0.1072949      0.1097459    
   0.1120192      0.1141154      0.1160564      0.1178562      0.1195229    
   0.1210761      0.1225220      0.1238726      0.1251421    
   0.1796489      0.1783288      0.1775862      0.1772953      0.1773769    
   0.1777202      0.1782798      0.1789745      0.1796010      0.1803756    
   0.1811308      0.1818415      0.1824755      0.1830008    

          116
   6.1459937E-03  6.2971353E-03  6.4653745E-03  6.6462546E-03  6.8399804E-03
   7.0446627E-03  7.2581926E-03  7.4782530E-03  7.7047315E-03  7.9369340E-03
   8.1719849E-03  8.4087346E-03  8.6463504E-03  8.8830488E-03
   0.8965845      0.9002243      0.9011139      0.9014073      0.8982201    
   0.8916724      0.8818060      0.8698288      0.8545029      0.8356617    
   0.8153822      0.7939788      0.7717577      0.7493010    

          117
   9.5832935E-03  9.9556195E-03  1.0323828E-02  1.0685085E-02  1.1035829E-02
   1.1375445E-02  1.1701275E-02  1.2015619E-02  1.2314474E-02  1.2598271E-02
   1.2866780E-02  1.3120897E-02  1.3359859E-02  1.3582742E-02
   0.8159617      0.7941658      0.7716147      0.7489391      0.7269661    
   0.7053617      0.6848018      0.6643513      0.6450784      0.6266682    
   0.6092187      0.5924399      0.5764842      0.5615425    

          118
   2.7611747E-02  2.7559837E-02  2.7488355E-02  2.7399173E-02  2.7295481E-02
   2.7181147E-02  2.7056061E-02  2.6921846E-02  2.6779987E-02  2.6627464E-02
   2.6472652E-02  2.6309911E-02  2.6141416E-02  2.5970824E-02
   0.3925381      0.3919820      0.3911699      0.3901365      0.3888299    
   0.3871967      0.3853016      0.3831408      0.3807372      0.3782535    
   0.3754247      0.3725114      0.3694870      0.3662536    

          119
   3.3319335E-02  3.2156859E-02  3.1059640E-02  3.0026549E-02  2.9053068E-02
   2.8131654E-02  2.7265366E-02  2.6447555E-02  2.5672343E-02  2.4941096E-02
   2.4244398E-02  2.3587383E-02  2.2963608E-02  2.2368195E-02
   0.1993979      0.1980989      0.1969767      0.1959808      0.1950851    
   0.1943229      0.1935843      0.1929073      0.1923043      0.1917115    
   0.1912071      0.1906733      0.1901529      0.1896924    

          120
   4.1946163E-03  4.3261736E-03  4.4552013E-03  4.5809210E-03  4.7030849E-03
   4.8198644E-03  4.9296957E-03  5.0339461E-03  5.1307897E-03  5.2234973E-03
   5.3089419E-03  5.3877989E-03  5.4612928E-03  5.5293185E-03
   6.1291199E-02  5.8465000E-02  5.6009717E-02  5.3850140E-02  5.1911950E-02
   5.0196413E-02  4.8682500E-02  4.7305893E-02  4.6080463E-02  4.4916410E-02
   4.3862592E-02  4.2890299E-02  4.1970488E-02  4.1104317E-02

          121
   4.9053563E-04  5.2027643E-04  5.5197772E-04  5.8743771E-04  6.2349968E-04
   6.6211942E-04  7.0157408E-04  7.4117165E-04  7.8208407E-04  8.2270382E-04
   8.6484867E-04  9.0772921E-04  9.4958080E-04  9.9205319E-04
   0.1407381      0.1325708      0.1284615      0.1190409      0.1142411    
   0.1078545      0.1032924      0.1006103      9.6838363E-02  9.4345339E-02
   9.0803236E-02  8.7166436E-02  8.4649615E-02  8.1860870E-02

          122
   9.1951136E-03  9.1459900E-03  9.0952134E-03  9.0454491E-03  8.9952750E-03
   8.9425910E-03  8.8914484E-03  8.8409102E-03  8.7858355E-03  8.7305270E-03
   8.6762160E-03  8.6198924E-03  8.5645709E-03  8.5067200E-03
   0.2417224      0.2409655      0.2402990      0.2394448      0.2385528    
   0.2377243      0.2366859      0.2354400      0.2344720      0.2334172    
   0.2321780      0.2309922      0.2295821      0.2282894    

          123
   1.7925156E-03  1.7657990E-03  1.7420016E-03  1.7188904E-03  1.6987185E-03
   1.6789585E-03  1.6584005E-03  1.6398191E-03  1.6230784E-03  1.6056151E-03
   1.5885875E-03  1.5722275E-03  1.5563070E-03  1.5406746E-03
   0.2078732      0.2084008      0.2074458      0.2079776      0.2062283    
   0.2054858      0.2063576      0.2058279      0.2037748      0.2030889    
   0.2023031      0.2008775      0.1991160      0.1975082    

          124
   0.0000000E+00  0.0000000E+00  0.0000000E+00  0.0000000E+00  0.0000000E+00
   0.0000000E+00  0.0000000E+00  0.0000000E+00  0.0000000E+00  0.0000000E+00
   0.0000000E+00  0.0000000E+00  0.0000000E+00  0.0000000E+00
   0.0000000E+00  0.0000000E+00  0.0000000E+00  0.0000000E+00  0.0000000E+00
   0.0000000E+00  0.0000000E+00  0.0000000E+00  0.0000000E+00  0.0000000E+00
   0.0000000E+00  0.0000000E+00  0.0000000E+00  0.0000000E+00

          125
   2.5803605E-03  2.6696932E-03  2.7602359E-03  2.8473197E-03  2.9351295E-03
   3.0233013E-03  3.1076949E-03  3.1898201E-03  3.2701197E-03  3.3498199E-03
   3.4234282E-03  3.4963554E-03  3.5666726E-03  3.6325743E-03
   0.1418268      0.1438133      0.1454225      0.1476520      0.1492191    
   0.1502005      0.1515566      0.1527705      0.1536653      0.1540579    
   0.1546839      0.1549764      0.1551034      0.1553360    

          126
   1.2988240E-02  1.2756926E-02  1.2535271E-02  1.2323027E-02  1.2118797E-02
   1.1922424E-02  1.1732886E-02  1.1548740E-02  1.1369185E-02  1.1195602E-02
   1.1028776E-02  1.0864003E-02  1.0705036E-02  1.0549951E-02
   0.2738233      0.2724389      0.2712091      0.2700159      0.2688998    
   0.2677270      0.2665487      0.2654164      0.2643308      0.2631869    
   0.2618837      0.2607459      0.2594751      0.2581514    

          127
   2.0810992E-03  2.0586217E-03  2.0362823E-03  2.0158410E-03  1.9960832E-03
   1.9767133E-03  1.9578347E-03  1.9383363E-03  1.9204720E-03  1.9021217E-03
   1.8847669E-03  1.8669332E-03  1.8501723E-03  1.8319566E-03
   0.2406723      0.2419547      0.2440769      0.2449135      0.2454956    
   0.2460592      0.2461646      0.2473373      0.2468304      0.2467838    
   0.2458838      0.2456489      0.2440587      0.2443241    

          128
   1.1302696E-04  1.1268156E-04  1.1271856E-04  1.1278360E-04  1.1294286E-04
   1.1305897E-04  1.1312088E-04  1.1322500E-04  1.1338866E-04  1.1326039E-04
   1.1325323E-04  1.1318962E-04  1.1303153E-04  1.1278420E-04
   0.1199065      0.1169440      0.1024851      9.3429893E-02  8.4280841E-02
   7.8614041E-02  7.3786877E-02  6.9025353E-02  6.3983217E-02  6.2224142E-02
   5.8812920E-02  5.5864710E-02  5.4088600E-02  5.2662555E-02

          129
   7.9987379E-04  7.7725202E-04  7.5728673E-04  7.3875976E-04  7.2239188E-04
   7.0619019E-04  6.9066044E-04  6.7674497E-04  6.6337636E-04  6.4983964E-04
   6.3723431E-04  6.2447414E-04  6.1290635E-04  6.0109590E-04
   0.3386225      0.3457104      0.3431985      0.3395421      0.3242240    
   0.3199363      0.3180967      0.3065418      0.2954752      0.2944197    
   0.2880622      0.2906600      0.2823766      0.2835747    

          130
   7.3337159E-04  6.9110206E-04  6.5348030E-04  6.1956444E-04  5.8906054E-04
   5.6118309E-04  5.3551566E-04  5.1209336E-04  4.9072382E-04  4.7047224E-04
   4.5213907E-04  4.3483256E-04  4.1862015E-04  4.0368369E-04
   0.1912023      0.1889720      0.1848016      0.1806461      0.1754648    
   0.1711600      0.1681200      0.1643222      0.1589524      0.1570110    
   0.1518161      0.1489150      0.1466001      0.1424255    

          131
   1.4117140E-04  1.3337280E-04  1.2631717E-04  1.2016674E-04  1.1429649E-04
   1.0900313E-04  1.0410213E-04  9.9600285E-05  9.5381947E-05  9.1595481E-05
   8.7833236E-05  8.4293861E-05  8.1226754E-05  7.8349301E-05
   0.2226529      0.2267783      0.2412686      0.2294671      0.2453953
   0.2627045      0.2790524      0.2915235      0.3253737      0.3381285
   0.4311224      0.6513809      0.7010430      0.8548847

          132
   1.4822748E-04  1.4742369E-04  1.4840819E-04  1.5024764E-04  1.5280244E-04
   1.5570701E-04  1.5917896E-04  1.6287640E-04  1.6714277E-04  1.7123880E-04
   1.7558031E-04  1.7992799E-04  1.8427591E-04  1.8816489E-04
   0.2184268      0.2814344      0.2346468      0.2076852      0.1888395    
   0.1835262      0.1663441      0.1593199      0.1326919      0.1251749    
   0.1117666      0.1025760      9.4559483E-02  9.2417896E-02

          133
   2.3609675E-03  2.2816977E-03  2.2099135E-03  2.1442934E-03  2.0806720E-03
   2.0219914E-03  1.9679780E-03  1.9157890E-03  1.8652832E-03  1.8180553E-03
   1.7729097E-03  1.7301688E-03  1.6884154E-03  1.6480117E-03
   0.3011228      0.2957913      0.2891367      0.2812293      0.2768405    
   0.2711927      0.2638606      0.2581797      0.2544090      0.2496354    
   0.2451712      0.2406897      0.2371697      0.2343940    

          134
   0.0000000E+00  0.0000000E+00  0.0000000E+00  0.0000000E+00  0.0000000E+00
   0.0000000E+00  0.0000000E+00  0.0000000E+00  0.0000000E+00  0.0000000E+00
   0.0000000E+00  0.0000000E+00  0.0000000E+00  0.0000000E+00
   0.0000000E+00  0.0000000E+00  0.0000000E+00  0.0000000E+00  0.0000000E+00
   0.0000000E+00  0.0000000E+00  0.0000000E+00  0.0000000E+00  0.0000000E+00
   0.0000000E+00  0.0000000E+00  0.0000000E+00  0.0000000E+00

          135
   1.2769223E-04  1.2126820E-04  1.1535026E-04  1.1008387E-04  1.0519464E-04
   1.0070241E-04  9.6523327E-05  9.2669499E-05  8.9028414E-05  8.5754036E-05
   8.2476858E-05  7.9564634E-05  7.6796066E-05  7.4211603E-05
   0.1695720      0.1734266      0.1786640      0.1795598      0.1844646
   0.1877314      0.1955452      0.2003570      0.2103355      0.2031347
   0.2335102      0.2403968      0.2556051      0.2621192

          136
   9.9329838E-05  9.5334843E-05  9.1450900E-05  8.7959583E-05  8.4656371E-05
   8.1659433E-05  7.8763325E-05  7.6061653E-05  7.3521071E-05  7.1190865E-05
   6.8951129E-05  6.6817447E-05  6.4799679E-05  6.2870582E-05
   0.2007532      0.1906495      0.2041645      0.2043316      0.2089489
   0.2086833      0.2141720      0.2200470      0.2195837      0.2158898
   0.2169257      0.2309687      0.2322633      0.2431396

          137
   1.7600726E-04  1.6458964E-04  1.5442686E-04  1.4527659E-04  1.3700969E-04
   1.2957808E-04  1.2273475E-04  1.1652302E-04  1.1091268E-04  1.0572098E-04
   1.0077943E-04  9.6294294E-05  9.2085589E-05  8.8239998E-05
   0.1945360      0.1950910      0.1924344      0.1920315      0.1915203
   0.1898135      0.1928694      0.1910757      0.1843405      0.1798872
   0.1872739      0.1882302      0.1954508      0.1944939

          138
   0.0000000E+00  0.0000000E+00  0.0000000E+00  0.0000000E+00  0.0000000E+00
   0.0000000E+00  0.0000000E+00  0.0000000E+00  0.0000000E+00  0.0000000E+00
   0.0000000E+00  0.0000000E+00  0.0000000E+00  0.0000000E+00
   0.0000000E+00  0.0000000E+00  0.0000000E+00  0.0000000E+00  0.0000000E+00
   0.0000000E+00  0.0000000E+00  0.0000000E+00  0.0000000E+00  0.0000000E+00
   0.0000000E+00  0.0000000E+00  0.0000000E+00  0.0000000E+00

