 1  1.44706953
 2  1.54556
 3  1.66134
 4  1.77756953
 5  1.88813961
 6  2.00285006
 7  2.12966967
 8  2.24530005
 9  2.37714005
 10  2.49806929
 11  2.63052917
 12  2.75070024
 13  2.88664985
 14  3.00513029
 15  3.13730979
 16  3.2643106
 17  3.39966989
 18  3.53551888
 19  3.68415022
 20  3.83008051
 21  3.98967957
 22  4.09932947
 23  4.22120094
 24  4.38673067
 25  4.58120966
 26  4.72347927
 27  4.86300135
 28  5.03059196
 29  5.15899992
 30  5.30883837
 31  5.49096966
 32  5.62026978
 33  5.75858927
 34  5.9373703
 35  6.06163931
 36  6.18625021
 37  6.31413841
 38  6.37730074
 39  6.50247765
 40  6.55056047
 41  6.60543013
 42  6.64381886
 43  6.65074015
 44  6.69554043
 45  6.72023916
 46  6.75603008
 47  6.79007864
 48  6.80182838
 49  6.8148303
 50  6.8635006
 51  6.94996071
 52  7.01644993
 53  7.06062126
 54  7.17784834
 55  7.18845892
 56  7.19963169
 57  7.24680948
 58  7.25563002
 59  7.26125908
 60  7.2260623
 61  7.24480963
 62  7.25711107
 63  7.25141048
 64  7.25760984
 65  7.26437044
 66  7.28695869
 67  7.2179985
 68  7.2776494
 69  7.25099039
 70  7.26626015
 71  7.30128956
 72  7.33327818
 73  7.3864994
 74  7.4012413
 75  7.40665102
 76  7.46838951
 77  7.46516037
 78  7.45713091
 79  7.47367096
 80  7.46265125
 81  7.51808071
 82  7.47275019
 83  7.5273385
 84  7.43650961
 85  7.49948931
 86  7.46387911
 87  7.50858068
 88  7.47383022
 89  7.45444012
 90  7.45608997
 91  7.12881947
 92  7.33367062
 93  6.9842186
 94  7.34103918
 95  7.32415295
 96  7.34712982
 97  7.2612586
 98  7.35255003
 99  7.29576063
 100  7.27475023
 101  7.26430845
 102  7.27113914
 103  7.26604986
 104  7.25602102
 105  7.13171005
 106  7.14738798
 107  7.1489296
 108  7.17704105
 109  7.11783028
 110  7.04155874
 111  7.0571413
 112  7.10239029
 113  7.04902935
 114  7.02091885
 115  6.93199062
 116  7.01413012
 117  7.01186895
 118  6.89467001
 119  6.92974901
 120  27.6803722
 121  27.4372444
 122  26.4879265
 123  26.6201496
 124  25.8811131
 125  25.706152
 126  24.9477959
 127  24.3669853
 128  23.1927319
 129  22.7000523
 130  21.5444107
 131  20.9714794
 132  19.4459324
 133  19.4949493
 134  19.2061272
 135  18.1654053
 136  18.4181347
 137  17.4161949
 138  17.1397915
 139  16.4732265
 140  14.4773045
 141  13.0930386
 142  11.2844963
 143  12.1915741
 144  11.9985199
 145  10.9732065
 146  9.78662777
 147  6.56143045
 148  6.19820356
 149  5.58374119
 150  6.33936501
 151  6.50426149
 152  6.37373066
 153  4.83241129
 154  5.3634305
 155  5.36082268
 156  4.59261894
 157  4.02703285
 158  3.87259078
 159  4.46363926
 160  4.23248148
 161  3.06956339
 162  3.12597942
 163  2.93557811
 164  2.79447389
 165  2.57196021
 166  2.17034912
 167  1.8100493
 168  1.90915537
 169  2.03536296
 170  1.59504116
 171  0.918867528
 172  0.975803971
 173  0.392557293
 174  0.703308761
 175  0.57587719
 176  0.785403073
 177  0.766851902
 178  0.676903844
 179  0.273765117
 180  0.319081813
 181  0.266469538
 182  0.135761753
 183  0.13127026
 184  0.127161711
 185  0.124792971
 186  0.157211468
 187  0.119562685
 188  0.0945537537
 189  0.105255023
 190  0.0948318914
 191  0.106592536
 192  0.0979281366
 193  0.096134834
 194  0.0850596726
 195  0.124257594
 196  0.087988697
 197  0.0906372145
 198  0.0772183314
 199  0.0610966384
 200  0.0727205649
 201  0.0563923009
 202  0.0553333387
 203  0.0333273299
 204  0.0221149456
 205  0.0190008096
 206  0.0170744043
 207  0.0143835442
 208  0.0133104045
