    1.000    2.000    3.000    4.000    5.000    6.000    7.000    8.000    9.000   10.000   11.000   12.000   13.000   14.000   15.000   16.000   17.000   18.000   19.000   20.000   21.000   22.000   23.000   24.000   25.000   26.000   27.000   28.000   29.000   30.000   31.000
    0.553   -0.553    0.000    0.000    0.000    0.000    0.000    0.000    0.000    0.000    0.000    0.000    0.000    0.000    0.000    0.000    0.000    0.000    0.000    0.000    0.000    0.000    0.000    0.000    0.000    0.000    0.000    0.000    0.000    0.000    0.000
   -0.553    2.088   -1.536    0.000    0.000    0.000    0.000    0.000    0.000    0.000    0.000    0.000    0.000    0.000    0.000    0.000    0.000    0.000    0.000    0.000    0.000    0.000    0.000    0.000    0.000    0.000    0.000    0.000    0.000    0.000    0.000
    0.000   -1.536    5.514   -3.978    0.000    0.000    0.000    0.000    0.000    0.000    0.000    0.000    0.000    0.000    0.000    0.000    0.000    0.000    0.000    0.000    0.000    0.000    0.000    0.000    0.000    0.000    0.000    0.000    0.000    0.000    0.000
    0.000    0.000   -3.978    3.978    0.000    0.000    0.000    0.000    0.000    0.000    0.000    0.000    0.000    0.000    0.000    0.000    0.000    0.000    0.000    0.000    0.000    0.000    0.000    0.000    0.000    0.000    0.000    0.000    0.000    0.000    0.000
    0.000    0.000    0.000    0.000    0.027   -0.027    0.000    0.000    0.000    0.000    0.000    0.000    0.000    0.000    0.000    0.000    0.000    0.000    0.000    0.000    0.000    0.000    0.000    0.000    0.000    0.000    0.000    0.000    0.000    0.000    0.000
    0.000    0.000    0.000    0.000   -0.027    0.101   -0.074    0.000    0.000    0.000    0.000    0.000    0.000    0.000    0.000    0.000    0.000    0.000    0.000    0.000    0.000    0.000    0.000    0.000    0.000    0.000    0.000    0.000    0.000    0.000    0.000
    0.000    0.000    0.000    0.000    0.000   -0.074    0.266   -0.192    0.000    0.000    0.000    0.000    0.000    0.000    0.000    0.000    0.000    0.000    0.000    0.000    0.000    0.000    0.000    0.000    0.000    0.000    0.000    0.000    0.000    0.000    0.000
    0.000    0.000    0.000    0.000    0.000    0.000   -0.192    0.192    0.000    0.000    0.000    0.000    0.000    0.000    0.000    0.000    0.000    0.000    0.000    0.000    0.000    0.000    0.000    0.000    0.000    0.000    0.000    0.000    0.000    0.000    0.000
    0.000    0.000    0.000    0.000    0.000    0.000    0.000    0.000    0.001   -0.003    0.003   -0.001    0.000    0.000    0.000    0.000    0.000    0.000    0.000    0.000    0.000    0.000    0.000    0.000    0.000    0.000    0.000    0.000    0.000    0.000    0.000
    0.000    0.000    0.000    0.000    0.000    0.000    0.000    0.000   -0.003    0.010   -0.012    0.006   -0.001    0.000    0.000    0.000    0.000    0.000    0.000    0.000    0.000    0.000    0.000    0.000    0.000    0.000    0.000    0.000    0.000    0.000    0.000
    0.000    0.000    0.000    0.000    0.000    0.000    0.000    0.000    0.003   -0.012    0.019   -0.015    0.006   -0.001    0.000    0.000    0.000    0.000    0.000    0.000    0.000    0.000    0.000    0.000    0.000    0.000    0.000    0.000    0.000    0.000    0.000
    0.000    0.000    0.000    0.000    0.000    0.000    0.000    0.000   -0.001    0.006   -0.015    0.020   -0.015    0.006   -0.001    0.000    0.000    0.000    0.000    0.000    0.000    0.000    0.000    0.000    0.000    0.000    0.000    0.000    0.000    0.000    0.000
    0.000    0.000    0.000    0.000    0.000    0.000    0.000    0.000    0.000   -0.001    0.006   -0.015    0.020   -0.015    0.006   -0.001    0.000    0.000    0.000    0.000    0.000    0.000    0.000    0.000    0.000    0.000    0.000    0.000    0.000    0.000    0.000
    0.000    0.000    0.000    0.000    0.000    0.000    0.000    0.000    0.000    0.000   -0.001    0.006   -0.015    0.020   -0.015    0.006   -0.001    0.000    0.000    0.000    0.000    0.000    0.000    0.000    0.000    0.000    0.000    0.000    0.000    0.000    0.000
    0.000    0.000    0.000    0.000    0.000    0.000    0.000    0.000    0.000    0.000    0.000   -0.001    0.006   -0.015    0.020   -0.015    0.006   -0.001    0.000    0.000    0.000    0.000    0.000    0.000    0.000    0.000    0.000    0.000    0.000    0.000    0.000
    0.000    0.000    0.000    0.000    0.000    0.000    0.000    0.000    0.000    0.000    0.000    0.000   -0.001    0.006   -0.015    0.020   -0.015    0.006   -0.001    0.000    0.000    0.000    0.000    0.000    0.000    0.000    0.000    0.000    0.000    0.000    0.000
    0.000    0.000    0.000    0.000    0.000    0.000    0.000    0.000    0.000    0.000    0.000    0.000    0.000   -0.001    0.006   -0.015    0.020   -0.015    0.006   -0.001    0.000    0.000    0.000    0.000    0.000    0.000    0.000    0.000    0.000    0.000    0.000
    0.000    0.000    0.000    0.000    0.000    0.000    0.000    0.000    0.000    0.000    0.000    0.000    0.000    0.000   -0.001    0.006   -0.015    0.020   -0.015    0.006   -0.001    0.000    0.000    0.000    0.000    0.000    0.000    0.000    0.000    0.000    0.000
    0.000    0.000    0.000    0.000    0.000    0.000    0.000    0.000    0.000    0.000    0.000    0.000    0.000    0.000    0.000   -0.001    0.006   -0.015    0.020   -0.015    0.006   -0.001    0.000    0.000    0.000    0.000    0.000    0.000    0.000    0.000    0.000
    0.000    0.000    0.000    0.000    0.000    0.000    0.000    0.000    0.000    0.000    0.000    0.000    0.000    0.000    0.000    0.000   -0.001    0.006   -0.015    0.020   -0.015    0.006   -0.001    0.000    0.000    0.000    0.000    0.000    0.000    0.000    0.000
    0.000    0.000    0.000    0.000    0.000    0.000    0.000    0.000    0.000    0.000    0.000    0.000    0.000    0.000    0.000    0.000    0.000   -0.001    0.006   -0.015    0.020   -0.015    0.006   -0.001    0.000    0.000    0.000    0.000    0.000    0.000    0.000
    0.000    0.000    0.000    0.000    0.000    0.000    0.000    0.000    0.000    0.000    0.000    0.000    0.000    0.000    0.000    0.000    0.000    0.000   -0.001    0.006   -0.015    0.020   -0.015    0.006   -0.001    0.000    0.000    0.000    0.000    0.000    0.000
    0.000    0.000    0.000    0.000    0.000    0.000    0.000    0.000    0.000    0.000    0.000    0.000    0.000    0.000    0.000    0.000    0.000    0.000    0.000   -0.001    0.006   -0.015    0.020   -0.015    0.006   -0.001    0.000    0.000    0.000    0.000    0.000
    0.000    0.000    0.000    0.000    0.000    0.000    0.000    0.000    0.000    0.000    0.000    0.000    0.000    0.000    0.000    0.000    0.000    0.000    0.000    0.000   -0.001    0.006   -0.015    0.020   -0.015    0.006   -0.001    0.000    0.000    0.000    0.000
    0.000    0.000    0.000    0.000    0.000    0.000    0.000    0.000    0.000    0.000    0.000    0.000    0.000    0.000    0.000    0.000    0.000    0.000    0.000    0.000    0.000   -0.001    0.006   -0.015    0.020   -0.015    0.006   -0.001    0.000    0.000    0.000
    0.000    0.000    0.000    0.000    0.000    0.000    0.000    0.000    0.000    0.000    0.000    0.000    0.000    0.000    0.000    0.000    0.000    0.000    0.000    0.000    0.000    0.000   -0.001    0.006   -0.015    0.020   -0.015    0.006   -0.001    0.000    0.000
    0.000    0.000    0.000    0.000    0.000    0.000    0.000    0.000    0.000    0.000    0.000    0.000    0.000    0.000    0.000    0.000    0.000    0.000    0.000    0.000    0.000    0.000    0.000   -0.001    0.006   -0.015    0.020   -0.015    0.006   -0.001    0.000
    0.000    0.000    0.000    0.000    0.000    0.000    0.000    0.000    0.000    0.000    0.000    0.000    0.000    0.000    0.000    0.000    0.000    0.000    0.000    0.000    0.000    0.000    0.000    0.000   -0.001    0.006   -0.015    0.019   -0.012    0.003    0.000
    0.000    0.000    0.000    0.000    0.000    0.000    0.000    0.000    0.000    0.000    0.000    0.000    0.000    0.000    0.000    0.000    0.000    0.000    0.000    0.000    0.000    0.000    0.000    0.000    0.000   -0.001    0.006   -0.012    0.010   -0.003    0.000
    0.000    0.000    0.000    0.000    0.000    0.000    0.000    0.000    0.000    0.000    0.000    0.000    0.000    0.000    0.000    0.000    0.000    0.000    0.000    0.000    0.000    0.000    0.000    0.000    0.000    0.000   -0.001    0.003   -0.003    0.001    0.000
    0.000    0.000    0.000    0.000    0.000    0.000    0.000    0.000    0.000    0.000    0.000    0.000    0.000    0.000    0.000    0.000    0.000    0.000    0.000    0.000    0.000    0.000    0.000    0.000    0.000    0.000    0.000    0.000    0.000    0.000    0.000
