 WL(um) SSA AOD ASYM FACTOR SURF_ALB RREAL RIMAG
           1   3.921569      0.9228258      0.2195826      0.6928728    
  9.7708002E-02   1.521175      7.7873203E-03
           2   3.773585      0.9228258      0.2259747      0.6918718    
  9.7708002E-02   1.521175      7.7873203E-03
           3   3.636364      0.9228258      0.2321640      0.6910423    
  9.7708002E-02   1.521175      7.7873203E-03
           4   3.508772      0.9228258      0.2381833      0.6904595    
  9.7708002E-02   1.521175      7.7873203E-03
           5   3.389831      0.9228258      0.2440326      0.6901126    
  9.7708002E-02   1.521175      7.7873203E-03
           6   3.278688      0.9228258      0.2497119      0.6899839    
  9.7708002E-02   1.521175      7.7873203E-03
           7   3.174603      0.9228258      0.2552211      0.6900595    
  9.7708002E-02   1.521175      7.7873203E-03
           8   3.076923      0.9228258      0.2605603      0.6903191    
  9.7708002E-02   1.521175      7.7873203E-03
           9   2.985075      0.9228258      0.2657307      0.6907097    
  9.7708002E-02   1.521175      7.7873203E-03
          10   2.898551      0.9228258      0.2708238      0.6889691    
  9.7708002E-02   1.521175      7.7873203E-03
          11   2.816901      0.9228258      0.2757522      0.6873291    
  9.7708002E-02   1.521175      7.7873203E-03
          12   2.739726      0.9228258      0.2805161      0.6857865    
  9.7708002E-02   1.521175      7.7873203E-03
          13   2.666667      0.9228258      0.2851155      0.6843367    
  9.7708002E-02   1.521175      7.7873203E-03
          14   2.597403      0.9228258      0.2895502      0.6829792    
  9.7708002E-02   1.521175      7.7873203E-03
          15   2.531646      0.9228258      0.2938203      0.6817083    
  9.7708002E-02   1.521175      7.7873203E-03
          16   2.469136      0.9228258      0.2979258      0.6805223    
  9.7708002E-02   1.521175      7.7873203E-03
          17   2.409639      0.9228258      0.3018667      0.6794144    
  9.7708002E-02   1.521175      7.7873203E-03
          18   2.352941      0.9228258      0.3056431      0.6783800    
  9.7708002E-02   1.521175      7.7873203E-03
          19   2.298851      0.9228258      0.3092548      0.6774170    
  9.7708002E-02   1.521175      7.7873203E-03
          20   2.247191      0.9228258      0.3134545      0.6760337    
  9.7708002E-02   1.521175      7.7873203E-03
          21   2.197802      0.9228258      0.3181168      0.6743329    
  9.7708002E-02   1.521175      7.7873203E-03
          22   2.150538      0.9228257      0.3226744      0.6726848    
  9.7708002E-02   1.521175      7.7873203E-03
          23   2.105263      0.9228258      0.3271272      0.6710890    
  0.1017691       1.521175      7.7873203E-03
          24   2.061856      0.9228258      0.3314755      0.6695461    
  0.1088955       1.521175      7.7873203E-03
          25   2.020202      0.9228258      0.3357190      0.6680568    
  0.1157339       1.521175      7.7873203E-03
          26   1.980198      0.9228258      0.3398577      0.6666205    
  0.1223015       1.521175      7.7873203E-03
          27   1.941748      0.9228258      0.3438919      0.6652377    
  0.1286141       1.521175      7.7873203E-03
          28   1.904762      0.9228257      0.3478213      0.6639075    
  0.1346861       1.521175      7.7873203E-03
          29   1.869159      0.9228258      0.3516461      0.6626318    
  0.1405312       1.521175      7.7873203E-03
          30   1.834862      0.9228258      0.3553661      0.6614091    
  0.1461618       1.521175      7.7873203E-03
          31   1.801802      0.9228258      0.3589815      0.6602405    
  0.1515894       1.521175      7.7873203E-03
          32   1.769912      0.9228258      0.3624922      0.6591246    
  0.1568250       1.521175      7.7873203E-03
          33   1.739130      0.9228258      0.3658982      0.6580635    
  0.1618784       1.521175      7.7873203E-03
          34   1.709402      0.9228258      0.3707899      0.6570548    
  0.1667591       1.521175      7.7873203E-03
          35   1.680672      0.9228258      0.3759089      0.6560974    
  0.1714757       1.521175      7.7873203E-03
          36   1.652893      0.9228258      0.3809868      0.6551902    
  0.1760364       1.521175      7.7873203E-03
          37   1.626016      0.9228258      0.3860238      0.6543349    
  0.1808863       1.521175      7.7873203E-03
          38   1.600000      0.9228258      0.3910198      0.6535304    
  0.1859716       1.521175      7.7873203E-03
          39   1.574803      0.9228257      0.3959747      0.6527773    
  0.1908967       1.521175      7.7873203E-03
          40   1.550388      0.9228258      0.4008887      0.6520759    
  0.1956691       1.521175      7.7873203E-03
          41   1.526718      0.9228258      0.4057617      0.6514266    
  0.2002957       1.521175      7.7873203E-03
          42   1.503759      0.9228258      0.4105938      0.6508291    
  0.2047833       1.521175      7.7873203E-03
          43   1.481481      0.9228258      0.4153849      0.6502838    
  0.2091378       1.521175      7.7873203E-03
          44   1.459854      0.9228258      0.4201349      0.6497904    
  0.2133652       1.521175      7.7873203E-03
          45   1.438849      0.9228257      0.4248439      0.6493496    
  0.2174710       1.521175      7.7873203E-03
          46   1.418440      0.9228258      0.4295120      0.6489598    
  0.2214603       1.521175      7.7873203E-03
          47   1.398601      0.9228257      0.4341390      0.6486214    
  0.2253380       1.521175      7.7873203E-03
          48   1.379310      0.9228258      0.4387252      0.6483353    
  0.2291087       1.521175      7.7873203E-03
          49   1.360544      0.9228257      0.4432704      0.6480994    
  0.2327768       1.521175      7.7873203E-03
          50   1.342282      0.9228258      0.4477744      0.6479142    
  0.2363465       1.521175      7.7873203E-03
          51   1.324503      0.9228258      0.4522376      0.6477792    
  0.2398216       1.521175      7.7873203E-03
          52   1.307190      0.9228258      0.4580032      0.6477447    
  0.2432058       1.521175      7.7873203E-03
          53   1.290323      0.9228258      0.4639777      0.6477606    
  0.2465027       1.521175      7.7873203E-03
          54   1.273885      0.9228258      0.4699518      0.6478139    
  0.2497156       1.521175      7.7873203E-03
          55   1.257862      0.9228258      0.4759257      0.6479058    
  0.2528477       1.521175      7.7873203E-03
          56   1.242236      0.9228258      0.4818992      0.6480370    
  0.2559020       1.521175      7.7873203E-03
          57   1.226994      0.9228258      0.4878724      0.6482048    
  0.2572480       1.521175      7.7873203E-03
          58   1.212121      0.9228258      0.4938453      0.6484103    
  0.2582875       1.521175      7.7873203E-03
          59   1.197605      0.9228258      0.4998179      0.6486534    
  0.2593020       1.521175      7.7873203E-03
          60   1.183432      0.9228258      0.5057901      0.6489320    
  0.2602926       1.521175      7.7873203E-03
          61   1.169591      0.9228258      0.5117620      0.6492477    
  0.2612599       1.521175      7.7873203E-03
          62   1.156069      0.9228258      0.5177336      0.6495981    
  0.2622049       1.521175      7.7873203E-03
          63   1.142857      0.9228258      0.5237049      0.6499838    
  0.2631283       1.521175      7.7873203E-03
          64   1.129943      0.9228258      0.5296758      0.6504033    
  0.2640309       1.521175      7.7873203E-03
          65   1.117318      0.9228258      0.5356464      0.6508561    
  0.2649132       1.521175      7.7873203E-03
          66   1.104972      0.9228258      0.5416167      0.6513420    
  0.2657761       1.521175      7.7873203E-03
          67   1.092896      0.9228258      0.5475866      0.6518599    
  0.2666201       1.521175      7.7873203E-03
          68   1.081081      0.9228257      0.5535564      0.6524096    
  0.2674459       1.521175      7.7873203E-03
          69   1.069519      0.9228257      0.5595257      0.6529890    
  0.2682540       1.521175      7.7873203E-03
          70   1.058201      0.9228258      0.5654948      0.6536000    
  0.2690449       1.521175      7.7873203E-03
          71   1.047120      0.9228258      0.5714633      0.6542384    
  0.2698194       1.521175      7.7873203E-03
          72   1.036269      0.9228258      0.5774319      0.6549050    
  0.2705778       1.521175      7.7873203E-03
          73   1.025641      0.9228258      0.5834000      0.6556003    
  0.2713206       1.521175      7.7873203E-03
          74   1.015228      0.9228258      0.5894036      0.6577672    
  0.2720483       1.520612      8.5268123E-03
          75   1.005025      0.9228258      0.5961559      0.6582331    
  0.2727614       1.521226      8.5623693E-03
          76  0.9950249      0.9228258      0.6033080      0.6585168    
  0.2734603       1.521828      8.5973609E-03
          77  0.9852217      0.9228258      0.6104736      0.6588285    
  0.2741455       1.522418      8.6318003E-03
          78  0.9756098      0.9228258      0.6176538      0.6591650    
  0.2748173       1.522997      8.6657079E-03
          79  0.9661836      0.9228258      0.6248500      0.6595223    
  0.2754760       1.523564      8.6990856E-03
          80  0.9569378      0.9228258      0.6320594      0.6599058    
  0.2761222       1.524120      8.7319501E-03
          81  0.9478673      0.9228258      0.6392816      0.6603144    
  0.2767562       1.524666      8.7643126E-03
          82  0.9389671      0.9228257      0.6465173      0.6607484    
  0.2773782       1.525202      8.7961815E-03
          83  0.9302326      0.9228257      0.6537657      0.6612049    
  0.2779887       1.525727      8.8275736E-03
          84  0.9216590      0.9228258      0.6610273      0.6616850    
  0.2785879       1.526243      8.8584945E-03
          85  0.9132420      0.9228258      0.6683020      0.6621875    
  0.2791761       1.526750      8.8889562E-03
          86  0.9049774      0.9228258      0.6755899      0.6627128    
  0.2797537       1.527247      8.9189690E-03
          87  0.8968610      0.9228258      0.6828907      0.6632601    
  0.2803210       1.527735      8.9485412E-03
          88  0.8888889      0.9228257      0.6902047      0.6638278    
  0.2808782       1.528215      8.9776814E-03
          89  0.8810573      0.9228258      0.6975315      0.6644168    
  0.2814255       1.528686      9.0064043E-03
          90  0.8733624      0.9228258      0.7048716      0.6650249    
  0.2819633       1.529150      9.0347119E-03
          91  0.8658009      0.9228258      0.7118886      0.6656313    
  0.2824918       1.529375      8.9950617E-03
          92  0.8583691      0.9228257      0.7186800      0.6662414    
  0.2830112       1.529435      8.9090439E-03
          93  0.8510638      0.9228258      0.7254854      0.6668715    
  0.2756728       1.529494      8.8252882E-03
          94  0.8438818      0.9228258      0.7323047      0.6675217    
  0.2680475       1.529552      8.7437164E-03
          95  0.8368201      0.9228258      0.7391378      0.6681899    
  0.2605498       1.529609      8.6642420E-03
          96  0.8298755      0.9228258      0.7459847      0.6688768    
  0.2531766       1.529665      8.5867951E-03
          97  0.8230453      0.9228257      0.7528452      0.6695799    
  0.2459247       1.529721      8.5112946E-03
          98  0.8163266      0.9228258      0.7597195      0.6703015    
  0.2387913       1.529775      8.4376773E-03
          99  0.8097166      0.9228257      0.7666075      0.6710398    
  0.2317734       1.529828      8.3658686E-03
         100  0.8032129      0.9228258      0.7735089      0.6717923    
  0.2248683       1.529881      8.2958154E-03
         101  0.7968128      0.9228258      0.7804243      0.6725615    
  0.2180731       1.529932      8.2274498E-03
         102  0.7905138      0.9228258      0.7873529      0.6733448    
  0.2113854       1.529983      8.1607150E-03
         103  0.7843137      0.9228258      0.7942948      0.6741433    
  0.2048026       1.530033      8.0955550E-03
         104  0.7782101      0.9228258      0.8012506      0.6749552    
  0.1983222       1.530083      8.0319159E-03
         105  0.7722008      0.9228258      0.8082198      0.6757799    
  0.1919419       1.530131      7.9697529E-03
         106  0.7662835      0.9228258      0.8150125      0.6764607    
  0.1856595       1.530179      7.9090102E-03
         107  0.7604563      0.9228258      0.8213454      0.6767687    
  0.1794725       1.530226      7.8496430E-03
         108  0.7547170      0.9228258      0.8276805      0.6770895    
  0.1733790       1.530272      7.7916067E-03
         109  0.7490637      0.9228258      0.8340179      0.6774250    
  0.1673768       1.530318      7.7348622E-03
         110  0.7434945      0.9228258      0.8403577      0.6777709    
  0.1614638       1.530363      7.6793656E-03
         111  0.7380074      0.9228258      0.8466995      0.6781330    
  0.1556380       1.530407      7.6250741E-03
         112  0.7326007      0.9228258      0.8530434      0.6785060    
  0.1498977       1.530451      7.5719575E-03
         113  0.7272727      0.9228258      0.8593895      0.6788923    
  0.1442408       1.530494      7.5199711E-03
         114  0.7220216      0.9228258      0.8657376      0.6792907    
  0.1386656       1.530536      7.4690892E-03
         115  0.7168459      0.9228258      0.8720878      0.6797017    
  0.1331704       1.530578      7.4192700E-03
         116  0.7117438      0.9228258      0.8784403      0.6801235    
  0.1277533       1.530620      7.3704859E-03
         117  0.7067138      0.9228258      0.8847944      0.6805592    
  0.1224129       1.530660      7.3227067E-03
         118  0.7017544      0.9228257      0.8911509      0.6810061    
  0.1171474       1.530700      7.2759036E-03
         119  0.6968641      0.9228258      0.8975095      0.6814649    
  0.1119553       1.530740      7.2300406E-03
         120  0.6849315      0.9228258      0.9134142      0.6826586    
  9.9286124E-02   1.530836      7.1193478E-03
         121  0.6666667      0.9228258      0.9373988      0.6851612    
  7.9893924E-02   1.530057      7.0140813E-03
         122  0.6493506      0.9228258      0.9593869      0.6884179    
  7.2552204E-02   1.528069      6.9976454E-03
         123  0.6329114      0.9228258      0.9814569      0.6917804    
  7.3912077E-02   1.526181      6.9820769E-03
         124  0.6172839      0.9228258       1.003609      0.6952335    
  7.5204797E-02   1.524386      6.9673103E-03
         125  0.6024097      0.9228258       1.025835      0.6987674    
  7.6435216E-02   1.522678      6.9532846E-03
         126  0.5882353      0.9228258       1.048071      0.7023366    
  7.7607736E-02   1.521050      6.9399420E-03
         127  0.5747126      0.9228258       1.066738      0.7042108    
  7.8726351E-02   1.519497      6.9272397E-03
         128  0.5617977      0.9228257       1.084361      0.7057069    
  7.9794683E-02   1.518013      6.9151279E-03
         129  0.5494506      0.9228258       1.101902      0.7073016    
  7.7717036E-02   1.516595      6.9035701E-03
         130  0.5376344      0.9228258       1.119358      0.7089883    
  7.2095893E-02   1.515238      6.8925247E-03
         131  0.5263158      0.9228258       1.136731      0.7107662    
  6.6711426E-02   1.513939      6.8819630E-03
         132  0.5154639      0.9228258       1.154021      0.7126318    
  6.1548974E-02   1.512692      6.8718535E-03
         133  0.5050505      0.9228258       1.171227      0.7145818    
  5.6595132E-02   1.511496      6.8621645E-03
         134  0.4950495      0.9228258       1.188350      0.7166110    
  5.1837493E-02   1.510348      6.8528713E-03
         135  0.4854369      0.9228258       1.205389      0.7187166    
  4.7264598E-02   1.509244      6.8439529E-03
         136  0.4761905      0.9228258       1.222345      0.7208937    
  4.2865921E-02   1.508182      6.8353852E-03
         137  0.4672897      0.9228257       1.239218      0.7231401    
  3.8631670E-02   1.507159      6.8271472E-03
         138  0.4587156      0.9228258       1.256007      0.7254479    
  3.4552809E-02   1.506175      6.8192184E-03
         139  0.4504505      0.9228258       1.272713      0.7278156    
  3.0620936E-02   1.505226      6.8115881E-03
         140  0.4424779      0.9228257       1.287657      0.7293830    
  2.6828246E-02   1.504310      6.8042353E-03
         141  0.4347826      0.9228258       1.331361      0.7237868    
  2.3167461E-02   1.521175      7.7873203E-03
         142  0.4273504      0.9228258       1.345180      0.7240536    
  1.9631851E-02   1.521175      7.7873203E-03
         143  0.4201681      0.9228258       1.358681      0.7243863    
  1.6215077E-02   1.521175      7.7873203E-03
         144  0.4132231      0.9228258       1.371862      0.7247851    
  1.2911254E-02   1.521175      7.7873203E-03
         145  0.4065041      0.9228258       1.384724      0.7252498    
  9.7148679E-03   1.521175      7.7873203E-03
         146  0.4000000      0.9228257       1.397268      0.7257778    
  6.6207722E-03   1.521175      7.7873203E-03
         147  0.3937008      0.9228258       1.409492      0.7263703    
  3.6241189E-03   1.521175      7.7873203E-03
         148  0.3875969      0.9228258       1.421397      0.7270251    
  7.2039902E-04   1.521175      7.7873203E-03
         149  0.3816794      0.9228257       1.432982      0.7277420    
  0.0000000E+00   1.521175      7.7873203E-03
         150  0.3759398      0.9228258       1.444249      0.7285190    
  0.0000000E+00   1.521175      7.7873203E-03
         151  0.3703704      0.9228258       1.455197      0.7293566    
  0.0000000E+00   1.521175      7.7873203E-03
         152  0.3649635      0.9228258       1.465825      0.7302507    
  0.0000000E+00   1.521175      7.7873203E-03
         153  0.3597122      0.9228258       1.476134      0.7312031    
  0.0000000E+00   1.521175      7.7873203E-03
         154  0.3546099      0.9228258       1.486124      0.7322090    
  0.0000000E+00   1.521175      7.7873203E-03
         155  0.3496504      0.9228258       1.495795      0.7332711    
  0.0000000E+00   1.521175      7.7873203E-03
         156  0.3448276      0.9228258       1.505147      0.7343848    
  0.0000000E+00   1.521175      7.7873203E-03
         157  0.3401361      0.9228258       1.514180      0.7355489    
  0.0000000E+00   1.521175      7.7873203E-03
         158  0.3355705      0.9228258       1.522687      0.7354865    
  0.0000000E+00   1.521175      7.7873203E-03
         159  0.3311258      0.9228258       1.530863      0.7354227    
  0.0000000E+00   1.521175      7.7873203E-03
         160  0.3267974      0.9228258       1.538714      0.7353963    
  0.0000000E+00   1.521175      7.7873203E-03
         161  0.3225806      0.9228258       1.546241      0.7354065    
  0.0000000E+00   1.521175      7.7873203E-03
         162  0.3184713      0.9228258       1.553442      0.7354553    
  0.0000000E+00   1.521175      7.7873203E-03
         163  0.3144654      0.9228258       1.560319      0.7355390    
  0.0000000E+00   1.521175      7.7873203E-03
         164  0.3105590      0.9228258       1.566871      0.7356614    
  0.0000000E+00   1.521175      7.7873203E-03
         165  0.3067485      0.9228258       1.573098      0.7358205    
  0.0000000E+00   1.521175      7.7873203E-03
         166  0.3030303      0.9228258       1.579000      0.7360153    
  0.0000000E+00   1.521175      7.7873203E-03
         167  0.2994012      0.9228258       1.584577      0.7362474    
  0.0000000E+00   1.521175      7.7873203E-03
         168  0.2958580      0.9228258       1.589829      0.7365156    
  0.0000000E+00   1.521175      7.7873203E-03
         169  0.2923976      0.9228258       1.594758      0.7368199    
  0.0000000E+00   1.521175      7.7873203E-03
         170  0.2890173      0.9228258       1.599360      0.7371602    
  0.0000000E+00   1.521175      7.7873203E-03
         171  0.2857143      0.9228258       1.603638      0.7375351    
  0.0000000E+00   1.521175      7.7873203E-03
         172  0.2824859      0.9228258       1.607591      0.7379469    
  0.0000000E+00   1.521175      7.7873203E-03
         173  0.2793296      0.9228258       1.611220      0.7383937    
  0.0000000E+00   1.521175      7.7873203E-03
         174  0.2762431      0.9228258       1.614523      0.7388736    
  0.0000000E+00   1.521175      7.7873203E-03
         175  0.2732241      0.9228258       1.617502      0.7393888    
  0.0000000E+00   1.521175      7.7873203E-03
         176  0.2702703      0.9228258       1.620156      0.7399380    
  0.0000000E+00   1.521175      7.7873203E-03
         177  0.2673797      0.9228258       1.622485      0.7405211    
  0.0000000E+00   1.521175      7.7873203E-03
         178  0.2645503      0.9228258       1.624489      0.7411373    
  0.0000000E+00   1.521175      7.7873203E-03
         179  0.2617801      0.9228258       1.626168      0.7417852    
  0.0000000E+00   1.521175      7.7873203E-03
         180  0.2590674      0.9228258       1.627602      0.7424470    
  0.0000000E+00   1.521175      7.7873203E-03
         181  0.2564103      0.9228258       1.631961      0.7423410    
  0.0000000E+00   1.521175      7.7873203E-03
         182  0.2538071      0.9228257       1.636064      0.7422549    
  0.0000000E+00   1.521175      7.7873203E-03
         183  0.2512563      0.9228258       1.639911      0.7421875    
  0.0000000E+00   1.521175      7.7873203E-03
         184  0.2487562      0.9228258       1.643501      0.7421392    
  0.0000000E+00   1.521175      7.7873203E-03
         185  0.2463054      0.9228257       1.646834      0.7421119    
  0.0000000E+00   1.521175      7.7873203E-03
         186  0.2439024      0.9228258       1.649911      0.7421016    
  0.0000000E+00   1.521175      7.7873203E-03
         187  0.2415459      0.9228258       1.652731      0.7421116    
  0.0000000E+00   1.521175      7.7873203E-03
         188  0.2392344      0.9228258       1.655295      0.7421409    
  0.0000000E+00   1.521175      7.7873203E-03
         189  0.2369668      0.9228258       1.657602      0.7421896    
  0.0000000E+00   1.521175      7.7873203E-03
         190  0.2347418      0.9228258       1.659653      0.7422565    
  0.0000000E+00   1.521175      7.7873203E-03
         191  0.2325581      0.9228258       1.661447      0.7423438    
  0.0000000E+00   1.521175      7.7873203E-03
         192  0.2304147      0.9228258       1.662985      0.7424492    
  0.0000000E+00   1.521175      7.7873203E-03
         193  0.2283105      0.9228258       1.664265      0.7425747    
  0.0000000E+00   1.521175      7.7873203E-03
         194  0.2262443      0.9228258       1.665290      0.7427177    
  0.0000000E+00   1.521175      7.7873203E-03
         195  0.2242152      0.9228258       1.666058      0.7428821    
  0.0000000E+00   1.521175      7.7873203E-03
         196  0.2222222      0.9228258       1.666569      0.7430633    
  0.0000000E+00   1.521175      7.7873203E-03
         197  0.2202643      0.9228258       1.666824      0.7432642    
  0.0000000E+00   1.521175      7.7873203E-03
         198  0.2183406      0.9228258       1.666823      0.7434846    
  0.0000000E+00   1.521175      7.7873203E-03
         199  0.2164502      0.9228258       1.666564      0.7437232    
  0.0000000E+00   1.521175      7.7873203E-03
         200  0.2145923      0.9228258       1.666049      0.7439806    
  0.0000000E+00   1.521175      7.7873203E-03
         201  0.2127660      0.9228258       1.665278      0.7442567    
  0.0000000E+00   1.521175      7.7873203E-03
         202  0.2109705      0.9228258       1.664250      0.7445513    
  0.0000000E+00   1.521175      7.7873203E-03
         203  0.2092050      0.9228258       1.662966      0.7448642    
  0.0000000E+00   1.521175      7.7873203E-03
         204  0.2074689      0.9228257       1.661425      0.7451962    
  0.0000000E+00   1.521175      7.7873203E-03
         205  0.2057613      0.9228258       1.659627      0.7455453    
  0.0000000E+00   1.521175      7.7873203E-03
         206  0.2040816      0.9228258       1.657573      0.7459121    
  0.0000000E+00   1.521175      7.7873203E-03
         207  0.2024291      0.9228258       1.655262      0.7462984    
  0.0000000E+00   1.521175      7.7873203E-03
         208  0.2008032      0.9228258       1.652695      0.7467019    
  0.0000000E+00   1.521175      7.7873203E-03
