  34   0.340
  0.3306652E-02
  0.4338570E-02
  0.5692523E-02
  0.7469008E-02
  0.9799887E-02
  0.1285817E-01
  0.1687087E-01
  0.2213582E-01
  0.2904382E-01
  0.3810762E-01
  0.5000000E-01
  0.6560367E-01
  0.8607684E-01
  0.1129391E+00
  0.1481844E+00
  0.1944289E+00
  0.2551050E+00
  0.3347165E+00
  0.4391726E+00
  0.5762267E+00
  0.7560518E+00
  0.9919955E+00
  0.1301571E+01
  0.1707757E+01
  0.2240702E+01
  0.2939966E+01
  0.3857452E+01
  0.5061260E+01
  0.6640745E+01
  0.8713145E+01
  0.1143229E+02
  0.1500000E+02
  0.1968110E+02
  0.2582305E+02
          83
  0.00
  1.71
  3.93
  6.16
  8.39
 10.63
 12.86
 15.10
 17.33
 19.57
 21.80
 24.04
 26.28
 28.51
 30.75
 32.98
 35.22
 37.45
 39.69
 41.93
 44.16
 46.40
 48.63
 50.87
 53.11
 55.34
 57.58
 59.81
 62.05
 64.29
 66.52
 68.76
 70.99
 73.23
 75.47
 77.70
 79.94
 82.17
 84.41
 86.65
 88.88
 90.00
 91.12
 93.35
 95.59
 97.83
100.06
102.30
104.53
106.77
109.01
111.24
113.48
115.71
117.95
120.19
122.42
124.66
126.89
129.13
131.37
133.60
135.84
138.07
140.31
142.55
144.78
147.02
149.25
151.49
153.72
155.96
158.20
160.43
162.67
164.90
167.14
169.37
171.61
173.84
176.07
178.29
180.00
