wvl Io(W/m2nm) H2Oabs gasesAbs O3abs NO2abs (SIN SUAVIZAR A 10NM  SERIA MEJOR PARTIR EL SUAVIZADO EN TRAMOS DE LONGITU DE ONDA) 
280 0.0906 0 0 105 1.46
281 0.1585 0 0 94.4 1.52
282 0.2692 0 0 84.7 1.55
283 0.3222 0 0 79.2 1.68
284 0.3025 0 0 71.2 1.78
285 0.1865 0 0 63.5 1.91
286 0.2546 0 0 57.7 1.94
287 0.3578 0 0 52.1 1.99
288 0.3225 0 0 45.2 2.08
289 0.4028 0 0 40.5 2.21
290 0.5596 0 0 36.1 2.33
291 0.611 0 0 32.3 2.52
292 0.5675 0 0 27.8 2.58
293 0.55 0 0 25 2.6
294 0.5428 0 0 21.6 2.71
295 0.5453 0 0 19.2 2.83
296 0.5731 0 0 16.4 3.05
297 0.5064 0 0 14.6 3.3
298 0.5286 0 0 12.5 3.31
299 0.5024 0 0 11.1 3.38
300 0.47 0 0 9.52 3.42
301 0.4693 0 0 8.29 3.62
302 0.4466 0 0 7.29 3.9
303 0.6041 0 0 6.22 4.08
304 0.6278 0 0 5.58 4.16
305 0.6373 0 0 4.69 4.24
306 0.6 0 0 4.2 4.38
307 0.6143 0 0 3.59 4.51
308 0.666 0 0 3.12 4.7
309 0.6097 0 0 2.82 4.96
310 0.5055 0 0 2.31 5.09
311 0.7623 0 0 2.11 5.3
312 0.7005 0 0 1.78 5.47
313 0.6974 0 0 1.53 5.49
314 0.7428 0 0 1.39 5.71
315 0.6868 0 0 1.12 5.88
316 0.5852 0 0 1.05 6.06
317 0.7612 0 0 0.852 6.4
318 0.7193 0 0 0.811 6.51
319 0.7069 0 0 0.582 6.65
320 0.7952 0 0 0.659 6.86
321 0.7724 0 0 0.401 6.94
322 0.7576 0 0 0.459 7.22
323 0.6528 0 0 0.406 7.33
324 0.7271 0 0 0.222 7.55
325 0.8291 0 0 0.341 7.8
326 0.9792 0 0 0.214 7.98
327 0.9993 0 0 0.155 8.11
328 0.9315 0 0 0.241 8.28
329 0.9684 0 0 0.103 8.49
330 1.1286 0 0 0.101 8.55
331 0.9718 0 0 0.154 8.75
332 1.0013 0 0 0.0716 9.3
333 0.976 0 0 0.0539 9.25
334 0.9487 0 0 0.0991 9.23
335 1.011 0 0 0.0367 9.43
336 0.9065 0 0 0.0285 9.57
337 0.8107 0 0 0.0623 9.61
338 0.924 0 0 0.0392 10.3
339 0.9737 0 0 0.0166 10.43
340 1.0457 0 0 0.0307 10.61
341 0.9405 0 0 0.0177 10.72
342 1.001 0 0 0.0076 10.28
343 1.042 0 0 0.00941 10.49
344 0.8328 0 0 0.0239 10.81
345 0.9194 0 0 0.012 11.19
346 0.9483 0 0 0.00562 11.59
347 0.9707 0 0 0.00698 11.85
348 0.9314 0 0 0.00506 12.15
349 0.875 0 0 0.00243 11.49
350 1.0183 0 0 0.00204 11.7
351 1.0033 0 0 0.00342 11.85
352 0.9827 0 0 0.00502 11.68
353 0.9887 0 0 0.00231 12.35
354 1.128 0 0 0.0011 13.07
355 1.1298 0 0 0.00131 12.71
356 1.0317 0 0 0.00122 13.17
357 0.8197 0 0 0.00136 13.48
358 0.7555 0 0 0.00126 12.85
359 0.8474 0 0 0.00102 12.72
360 1.1023 0 0 9.62E-4 13.23
361 0.9113 0 0 7.66E-4 13.51
362 0.9129 0 0 5.74E-4 13.5
363 1.074 0 0 3.37E-4 13.55
364 1.0922 0 0 3.38E-4 14.19
365 1.056 0 0 3.13E-4 14.5
366 1.2781 0 0 0 13.98
367 1.2525 0 0 0 14.21
368 1.1615 0 0 0 14.13
369 1.2021 0 0 0 14.15
370 1.2654 0 0 0 14.09
371 1.1301 0 0 0 14.75
372 1.089 0 0 0 14.95
373 1.0325 0 0 0 14.55
374 0.9352 0 0 0 14.39
375 0.9681 0 0 0 15.3
376 1.1233 0 0 0 15.4
377 1.2004 0 0 0 14.54
378 1.3976 0 0 0 14.55
379 1.2202 0 0 0 15.55
380 1.0939 0 0 0 15.6
381 1.2345 0 0 0 15.23
382 0.9514 0 0 0 14.93
383 0.7072 0 0 0 15.3
384 0.7826 0 0 0 15.7
385 1.0801 0 0 0 15.44
386 0.9598 0 0 0 15.35
387 0.9969 0 0 0 15.7
388 1.0184 0 0 0 15.86
389 1.0789 0 0 0 15.97
390 1.2447 0 0 0 15.97
391 1.3312 0 0 0 16.25
392 1.2405 0 0 0 15.82
393 0.5884 0 0 0 15.25
394 0.7939 0 0 0 15.5
395 1.285 0 0 0 16.11
396 1.2319 0 0 0 15.68
397 0.651 0 0 0 16.1
398 1.3783 0 0 0 16.4
399 1.6672 0 0 0 16.43
400 1.7163 0 0 0 16.88
401 1.7519 0 0 0 16.1
402 1.8012 0 0 0 15.25
403 1.7299 0 0 0 15.55
404 1.7622 0 0 0 16.2
405 1.6983 0 0 0 15.7
406 1.648 0 0 0 14.75
407 1.6164 0 0 5.57E-5 15.5
408 1.6861 0 0 1.3E-4 16.64
409 1.8612 0 0 1.86E-4 16.45
410 1.5379 0 0 2.26E-4 16.22
411 1.739 0 0 2.46E-4 15.33
412 1.8454 0 0 2.28E-4 16.2
413 1.8 0 0 2.02E-4 16.5
414 1.8192 0 0 2.12E-4 15.39
415 1.7688 0 0 2.68E-4 14.3
416 1.8414 0 0 3.39E-4 14.3
417 1.8174 0 0 3.96E-4 14.92
418 1.6966 0 0 4.26E-4 15.21
419 1.7613 0 0 4.32E-4 15.7
420 1.6544 0 0 4.32E-4 15.82
421 1.926 0 0 4.6E-4 15.8
422 1.7856 0 0 5.41E-4 15.72
423 1.6437 0 0 6.79E-4 15.97
424 1.7546 0 0 8.62E-4 15.5
425 1.7002 0 0 0.00104 13.9
426 1.7277 0 0 0.00115 13.7
427 1.638 0 0 0.00115 14.9
428 1.6876 0 0 0.00108 14.15
429 1.5558 0 0 0.00102 13.4
430 1.248 0 0 0.00102 14.65
431 1.288 0 0 0.0011 14.1
432 1.8042 0 0 0.00128 13.4
433 1.8187 0 0 0.00144 14.45
434 1.553 0 0 0.0015 15.46
435 1.7717 0 0 0.0015 15.08
436 1.9054 0 0 0.00151 13.4
437 1.8774 0 0 0.0016 12.16
438 1.6579 0 0 0.00181 14.05
439 1.7325 0 0 0.00216 14.5
440 1.8014 0 0 0.0026 12.3
441 1.8649 3.1E-6 0 0.00301 11.15
442 1.9707 2.48E-5 0 0.00331 11.5
443 1.9266 1.59E-4 0 0.00351 12.4
444 1.9484 4.46E-5 0 0.00352 13.95
445 1.9646 5.9E-5 0 0.00336 13.1
446 1.8228 5.84E-5 0 0.00316 12.3
447 2.0043 1.19E-5 0 0.00306 13.9
448 2.0397 2.79E-6 0 0.00314 13.45
449 2.013 0 0 0.00343 11.79
450 2.0902 0 0 0.00377 11.7
451 2.1384 0 0 0.00401 11.71
452 2.0721 0 0 0.0041 11.9
453 1.8733 0 0 0.00408 11.21
454 2.0484 0 0 0.0041 11.2
455 1.9586 0 0 0.00429 10.91
456 2.0605 0 0 0.00473 10.51
457 2.0951 0 0 0.00543 11.77
458 2.0026 0 0 0.0063 11.49
459 2.0211 0 0 0.0072 11.3
460 2.0318 0 0 0.00807 11.47
461 2.1087 0 0 0.00871 10.72
462 2.0854 0 0 0.009 11.5
463 2.083 0 0 0.00893 11.75
464 2.0229 0 0 0.00849 10.3
465 2.0185 0 0 0.00796 9.1
466 2.0527 0 0 0.00772 9.86
467 1.978 2.12E-6 0 0.00797 10.15
468 2.0119 2.09E-6 0 0.00846 9.21
469 2.0077 9.03E-6 0 0.00894 8.65
470 1.94 3.34E-5 0 0.00939 8.62
471 1.9759 1.3E-5 0 0.00963 8.78
472 2.1111 1.28E-5 0 0.00974 9.15
473 1.9776 1.27E-5 0 0.00976 10.6
474 2.055 1.92E-6 0 0.0101 10.95
475 2.088 0 0 0.0108 9.78
476 1.99 0 0 0.012 8.82
477 2.0469 0 0 0.0135 8.42
478 2.1053 0 0 0.0152 8.59
479 2.0673 0 0 0.0169 9.21
480 2.0734 0 0 0.0186 8.85
481 2.067 0 0 0.0199 8.21
482 2.0998 0 0 0.0208 7.11
483 2.0276 0 0 0.0209 6.64
484 2.0091 0 0 0.0204 6.89
485 1.9786 1.49E-5 0 0.0196 7.04
486 1.5887 1.09E-5 0 0.019 6.9
487 1.7982 7.25E-6 0 0.0187 7.35
488 1.9725 4.1E-6 0 0.0188 8.92
489 1.8816 7.08E-6 0 0.0195 8.5
490 1.9207 1.54E-6 0 0.0204 7.07
491 2.0092 1.52E-6 0 0.0211 6.45
492 1.8427 0 0 0.0214 6.55
493 2.0118 0 0 0.0217 7.21
494 1.9965 0 0 0.0221 7.69
495 2.0538 0 0 0.0226 7.57
496 1.973 0 0 0.0236 7
497 2.0205 0 0 0.025 5.8
498 1.9466 0 0 0.0268 4.95
499 1.9148 0 0 0.029 4.5
500 1.9189 3.54E-6 0 0.0315 4.62
501 1.8556 9.17E-6 0 0.0342 5.16
502 1.8737 7.39E-5 0 0.0368 5.89
503 1.9477 1.78E-4 0 0.0391 6
504 1.8656 0.00116 0 0.0408 6.58
505 1.9688 1.75E-4 0 0.0419 6.1
506 2.0302 3.07E-4 0 0.0422 5.5
507 1.9238 3.92E-4 0 0.0419 5.17
508 1.8758 2.86E-4 0 0.0413 5.5
509 1.9665 1.63E-4 0 0.0404 5.98
510 1.9029 9.72E-5 0 0.0399 5.85
511 1.9373 2.98E-5 0 0.0396 5.61
512 1.9728 8.12E-6 0 0.0401 5.3
513 1.8645 5.35E-6 0 0.041 4.61
514 1.8609 0 0 0.042 4.12
515 1.8804 0 0 0.0429 3.8
516 1.8695 0 0 0.0438 3.59
517 1.5607 0 0 0.0447 3.7
518 1.7289 0 0 0.0455 4.2
519 1.7665 0 0 0.0464 4.28
520 1.8684 0 0 0.0474 4.05
521 1.8759 0 0 0.0489 3.73
522 1.902 0 0 0.0505 3.68
523 1.8183 0 0 0.0525 3.75
524 1.947 9.81E-6 0 0.0549 4.3
525 1.9373 1.26E-5 0 0.0575 4.77
526 1.863 9.63E-7 0 0.0601 4.52
527 1.6928 9.51E-6 0 0.0628 4.17
528 1.8548 9.39E-7 0 0.0654 3.89
529 1.9819 4.48E-6 0 0.0679 3.62
530 1.9276 2.48E-6 0 0.0701 3.6
531 1.9696 2.45E-6 0 0.072 3.53
532 1.91 0 0 0.0734 3.45
533 1.8098 0 0 0.0743 3.06
534 1.8898 0 0 0.0748 2.6
535 1.9271 0 0 0.0749 2.29
536 1.972 0 0 0.0747 2.21
537 1.8126 0 0 0.0747 2.35
538 1.9208 2.26E-6 0 0.0751 2.7
539 1.8649 6.1E-6 0 0.0758 2.59
540 1.7989 4.5E-5 0 0.0769 2.3
541 1.8084 2E-4 0 0.0782 2.65
542 1.8804 2.12E-4 0 0.0798 3.09
543 1.8511 5.2E-5 0 0.0814 3.1
544 1.922 1.53E-4 0 0.0829 3.03
545 1.868 9.74E-5 0 0.0842 3
546 1.881 2.25E-4 0 0.0852 2.74
547 1.8648 9.1E-5 0 0.0863 2.88
548 1.8342 3.83E-5 0 0.0872 2.88
549 1.858 1.8E-5 0 0.0879 2.7
550 1.8583 1.78E-5 0 0.0886 2.34
551 1.8495 7.48E-6 0 0.0895 2.15
552 1.8885 1.94E-6 0 0.0905 2.29
553 1.8338 1.92E-6 0 0.0915 2.27
554 1.8681 0 0 0.0928 1.95
555 1.8773 0 0 0.0942 1.6
556 1.8525 0 0 0.0959 1.48
557 1.8206 0 0 0.0979 1.47
558 1.8301 0 0 0.1 1.41
559 1.743 0 0 0.103 1.33
560 1.802 0 0 0.105 1.4
561 1.8708 0 0 0.108 1.53
562 1.8133 0 0 0.11 1.7
563 1.8822 6.18E-7 0 0.113 2.12
564 1.8421 6.11E-7 0 0.115 2.29
565 1.8486 6.04E-7 0 0.117 1.98
566 1.8005 1.67E-6 0 0.118 1.54
567 1.8636 8.42E-6 0 0.12 1.6
568 1.85 1.3E-4 0 0.121 1.69
569 1.827 7.06E-4 0 0.123 1.68
570 1.817 3.95E-4 0 0.125 1.9
571 1.7441 6.4E-5 0 0.126 1.94
572 1.8649 3.01E-4 0 0.127 1.75
573 1.8825 2.24E-4 0 0.128 1.42
574 1.855 1.82E-4 0 0.128 1.15
575 1.813 1.98E-4 0 0.128 0.95
576 1.8133 1.38E-4 0 0.127 0.8
577 1.8453 1.03E-4 0 0.126 0.8
578 1.7986 3.63E-5 0 0.125 0.99
579 1.8269 1.39E-5 0 0.124 1.1
580 1.8187 9.45E-6 0 0.123 1.02
581 1.8292 5.66E-6 0 0.122 0.85
582 1.8448 9.29E-6 0 0.121 0.78
583 1.8502 9.21E-6 0 0.12 0.82
584 1.8555 2.06E-5 0 0.119 1
585 1.8252 3.15E-5 0 0.118 1.15
586 1.8119 8.46E-5 0 0.118 1.13
587 1.8393 2.94E-4 0 0.118 1.01
588 1.8024 0.00162 0 0.118 0.93
589 1.6172 0.00564 0 0.118 1
590 1.7497 0.00539 0 0.119 1.04
591 1.8083 0.00309 0 0.12 1.28
592 1.8002 0.00472 0 0.121 1.38
593 1.7972 0.00269 0 0.123 1.21
594 1.7942 0.00313 0 0.125 0.92
595 1.7812 0.00427 0 0.128 0.72
596 1.7898 0.00156 0 0.13 0.67
597 1.7968 0.00179 0 0.133 0.66
598 1.7706 0.0012 0 0.135 0.68
599 1.7643 8.2E-4 0 0.137 0.79
600 1.7762 3.47E-4 0 0.138 0.83
601 1.7435 1.01E-4 0 0.139 0.8
602 1.7192 5.49E-5 0 0.139 0.68
603 1.7809 1.35E-5 0 0.139 0.49
604 1.7734 3.29E-6 0 0.139 0.39
605 1.775 0 0 0.137 0.378
606 1.764 0 0 0.136 0.375
607 1.762 0 0 0.134 0.395
608 1.761 0 0 0.132 0.413
609 1.7239 0 0 0.13 0.419
610 1.752 0 0 0.127 0.47
611 1.7296 0 0 0.125 0.67
612 1.7025 0 0 0.122 0.835
613 1.7223 0 0 0.12 0.75
614 1.6523 0 0 0.118 0.66
615 1.6942 0 0 0.116 0.66
616 1.6479 0 0 0.114 0.741
617 1.6565 0 0 0.112 0.68
618 1.7068 0 0 0.111 0.54
619 1.7093 0 0 0.109 0.56
620 1.7224 0 0 0.108 0.589
621 1.7162 0 0 0.107 0.52
622 1.7006 0 0 0.105 0.495
623 1.6628 0 0 0.104 0.472
624 1.6236 0 0 0.103 0.45
625 1.6353 9.42E-7 0 0.101 0.432
626 1.7009 1.51E-5 0 0.1 0.42
627 1.6982 1.29E-4 0 0.0987 0.416
628 1.6607 3.36E-4 4.53E-4 0.0973 0.395
629 1.658 2.3E-4 6.06E-5 0.0958 0.387
630 1.6444 9.55E-5 1.08E-4 0.0943 0.379
631 1.6276 2.28E-5 2.27E-5 0.0929 0.371
632 1.6706 2.63E-4 6.17E-6 0.0915 0.362
633 1.6648 1.25E-4 8.78E-7 0.09 0.355
634 1.634 6.27E-5 7.51E-8 0.0884 0.35
635 1.6236 8.93E-5 1.07E-8 0.0868 0.347
636 1.6257 6.2E-5 0 0.0853 0.344
637 1.6606 6.48E-5 0 0.0836 0.341
638 1.655 1.97E-5 0 0.082 0.338
639 1.653 2.83E-5 0 0.0803 0.335
640 1.6094 2.36E-5 0 0.0787 0.332
641 1.5836 3.27E-5 0 0.0771 0.331
642 1.6121 2.33E-5 0 0.0756 0.33
643 1.6142 5.36E-5 0 0.0742 0.329
644 1.5963 5.63E-5 0 0.0729 0.328
645 1.62 1.33E-4 0 0.0716 0.327
646 1.6159 7.13E-4 0 0.0703 0.326
647 1.5812 0.00195 0 0.0691 0.325
648 1.5619 0.00321 0 0.0679 0.324
649 1.56 0.00264 0 0.0669 0.323
650 1.5189 9.6E-4 0 0.0657 0.322
651 1.5944 5.85E-4 0 0.0647 0.317
652 1.595 0.00352 0 0.0636 0.312
653 1.6077 6.57E-4 0 0.0625 0.307
654 1.5962 5.71E-4 0 0.0614 0.302
655 1.4982 0.00148 0 0.0603 0.297
656 1.396 9.8E-4 0 0.0592 0.292
657 1.4362 9.52E-4 0 0.0581 0.287
658 1.5382 4.9E-4 0 0.057 0.282
659 1.5509 2.81E-4 0 0.056 0.277
660 1.5576 2.16E-4 0 0.055 0.272
661 1.5702 5.96E-5 0 0.054 0.267
662 1.5664 1.35E-5 0 0.0531 0.262
663 1.57 2.45E-5 0 0.0521 0.257
664 1.5661 1.33E-5 0 0.0511 0.252
665 1.5728 8.72E-6 0 0.05 0.247
666 1.5674 4.91E-6 0 0.0489 0.242
667 1.5591 3.81E-6 0 0.0477 0.237
668 1.5642 0 0 0.0466 0.232
669 1.5589 2.16E-7 0 0.0455 0.227
670 1.561 0 0 0.0445 0.222
671 1.5394 0 0 0.0434 0.217
672 1.5061 0 0 0.0424 0.212
673 1.5157 0 0 0.0413 0.207
674 1.515 0 0 0.0404 0.202
675 1.515 0 0 0.0396 0.201
676 1.514 0 0 0.0387 0.198
677 1.511 0 0 0.0378 0.195
678 1.507 0 0 0.037 0.192
679 1.504 0 0 0.0362 0.189
680 1.501 1.97E-7 0 0.0356 0.186
681 1.498 1.81E-6 0 0.035 0.183
682 1.494 4.42E-6 0 0.0344 0.18
683 1.491 5.44E-6 0 0.0339 0.177
684 1.488 1.33E-5 0 0.0334 0.174
685 1.485 7.7E-6 0 0.0328 0.171
686 1.4783 1.32E-5 7.51E-8 0.0321 0.168
687 1.4414 3.55E-5 0.0143 0.0314 0.165
688 1.422 7.56E-6 0.00707 0.0305 0.162
689 1.443 1.45E-5 0.00568 0.0297 0.159
690 1.474 3.07E-5 0.00386 0.0288 0.156
691 1.4719 1.2E-4 0.00202 0.028 0.153
692 1.4612 7.34E-4 6.8E-4 0.0272 0.15
693 1.461 0.00379 1.94E-4 0.0265 0.147
694 1.46 0.00705 4E-5 0.0258 0.144
695 1.459 0.00475 1.98E-6 0.025 0.141
696 1.45 0.00554 4.28E-7 0.0243 0.138
697 1.441 8.79E-4 1.07E-8 0.0236 0.135
698 1.432 9.06E-4 0 0.023 0.132
699 1.423 0.0036 0 0.0224 0.129
700 1.414 0.00387 0 0.0218 0.126
701 1.43 0.00432 0 0.0213 0
702 1.4375 0.00321 0 0.0209 0
703 1.4369 0.00391 0 0.0205 0
704 1.4348 0.002 0 0.0201 0
705 1.4258 0.00216 0 0.0197 0
706 1.4139 0.00177 0 0.0194 0
707 1.4035 0.00141 0 0.0191 0
708 1.3987 0.00142 0 0.0189 0
709 1.4051 6.94E-4 0 0.0186 0
710 1.4129 0.00102 0 0.0184 0
711 1.4109 7.85E-4 0 0.0182 0
712 1.4034 4.94E-4 0 0.018 0
713 1.3944 8.01E-4 0 0.0179 0
714 1.3855 7.57E-4 0 0.0178 0
715 1.378 0.0018 0 0.0177 0
716 1.3706 0.0022 0 0.0175 0
717 1.3645 0.0203 0 0.0171 0
718 1.3571 0.0355 0 0.0167 0
719 1.3455 0.0652 0 0.0161 0
720 1.3395 0.0468 0 0.0156 0
721 1.3473 0.0229 0 0.015 0
722 1.3592 0.00376 0 0.0145 0
723 1.3655 0.0123 0 0.0141 0
724 1.3678 0.0378 0 0.0137 0
725 1.3645 0.0303 0 0.0133 0
726 1.3558 0.0219 0 0.013 0
727 1.3444 0.0229 0 0.0127 0
728 1.3357 0.0299 0 0.0123 0
729 1.3325 0.0202 0 0.0119 0
730 1.332 0.0139 0 0.0116 0
731 1.3302 0.0184 0 0.0114 0
732 1.327 0.01 0 0.0112 0
733 1.3252 0.00366 0 0.011 0
734 1.3248 0.00322 0 0.0109 0
735 1.327 0.00286 0 0.0108 0
736 1.3252 0.00381 0 0.0108 0
737 1.314 0.00294 0 0.0107 0
738 1.3001 0.00146 0 0.0106 0
739 1.2903 0.00152 0 0.0107 0
740 1.2832 8.61E-4 0 0.0107 0
741 1.2761 4.72E-4 0 0.0108 0
742 1.2717 2.11E-4 0 0.0109 0
743 1.2713 1.55E-4 0 0.0111 0
744 1.2723 5.79E-5 0 0.0112 0
745 1.2732 1.21E-5 0 0.0114 0
746 1.2755 1.08E-5 0 0.0115 0
747 1.2778 4.62E-6 0 0.0115 0
748 1.2787 2.34E-6 0 0.0113 0
749 1.2783 1.19E-6 0 0.0111 0
750 1.274 7.33E-7 0 0.0106 0
751 1.2683 1.18E-6 0 0.0101 0
752 1.2653 3.69E-7 0 0.00954 0
753 1.265 1.16E-7 0 0.00899 0
754 1.2646 3.65E-7 0 0.00847 0
755 1.2629 1.57E-6 0 0.00803 0
756 1.2613 9.31E-9 0 0.00763 0
757 1.257 0 0 0.00731 0
758 1.2501 0 1.07E-8 0.00705 0
759 1.2432 0 5.97E-5 0.00685 0
760 1.2389 0 0.197 0.00667 0
761 1.2386 0 0.338 0.00654 0
762 1.237 0 0.0397 0.00669 0
763 1.2315 0 0.131 0.00702 0
764 1.2246 0 0.073 0.00694 0
765 1.2205 0 0.0377 0.00686 0
766 1.2176 0 0.0154 0.00678 0
767 1.2121 0 0.00511 0.0067 0
768 1.2053 0 9.81E-4 0.00673 0
769 1.202 0 4.19E-4 0.00675 0
770 1.204 0 8.48E-5 0.00677 0
771 1.205 0 1.4E-5 0.0069 0
772 1.207 0 4.2E-6 0.00706 0
773 1.209 5.29E-8 2.37E-6 0.00725 0
774 1.199 8.53E-8 8.78E-7 0.00752 0
775 1.189 8.49E-8 2.57E-7 0.00785 0
776 1.193 8.44E-8 3.66E-8 0.00813 0
777 1.197 5.18E-8 1.07E-8 0.00831 0
778 1.192 3.56E-7 0 0.00843 0
779 1.19 4.62E-7 0 0.00847 0
780 1.1906 2.37E-7 0 0.00838 0
781 1.1891 2.31E-7 0 0.00815 0
782 1.1863 4.55E-7 0 0.00788 0
783 1.1861 4.53E-7 0 0.0075 0
784 1.1858 4.51E-7 0 0.00709 0
785 1.1843 1.4E-5 0 0.00667 0
786 1.1815 3.14E-5 0 0.00634 0
787 1.178 3.48E-4 0 0.00609 0
788 1.176 6.03E-4 0 0.00583 0
789 1.175 0.00109 0 0.00557 0
790 1.167 0.00234 0 0.00537 0
791 1.159 0.00117 0 0.00516 0
792 1.158 0.00104 0 0.00493 0
793 1.157 0.00121 0 0.00474 0
794 1.156 8.13E-5 0 0.00455 0
795 1.155 2.69E-4 0 0.00439 0
796 1.154 0.00203 0 0.00429 0
797 1.153 0.00174 0 0.00422 0
798 1.144 4.1E-4 0 0.00417 0
799 1.136 6.68E-4 0 0.00409 0
800 1.139 0.00116 0 0.004 0
801 1.143 0.00143 0 0.00397 0
802 1.136 0.00125 0 0.00396 0
803 1.13 0.00157 0 0.00395 0
804 1.123 0.00132 0 0.00396 0
805 1.116 7.69E-4 0 0.00402 0
806 1.118 2.75E-4 0 0.0041 0
807 1.121 3.92E-4 0 0.00422 0
808 1.116 3.15E-4 0 0.0044 0
809 1.11 7.23E-4 0 0.00461 0
810 1.105 0.00136 0 0.00482 0
811 1.103 0.00159 0 0.00501 0
812 1.101 0.00376 0 0.00521 0
813 1.11 0.00609 0 0.0054 0
814 1.12 0.0188 0 0.00556 0
815 1.105 0.0207 0 0.00568 0
816 1.09 0.0363 0 0.00573 0
817 1.088 0.0371 0 0.00571 0
818 1.086 0.0391 0 0.00561 0
819 1.082 0.0201 0 0.00545 0
820 1.079 0.0252 0 0.00523 0
821 1.071 0.00312 0 0.00494 0
822 1.063 0.00634 0 0.00461 0
823 1.072 0.0927 0 0.00428 0
824 1.082 0.0117 0 0.00395 0
825 1.08 0.00509 0 0.00365 0
826 1.078 0.0115 0 0.00337 0
827 1.074 0.0045 0 0.0031 0
828 1.07 0.028 0 0.00288 0
829 1.0565 0.0122 0 0.00269 0
830 1.043 0.0106 0 0.00253 0
831 1.05 0.0098 0 0.00238 0
832 1.057 0.0146 0 0.00228 0
833 1.0475 0.00337 0 0.00219 0
834 1.038 0.00628 0 0.00211 0
835 1.0335 0.00107 0 0.00207 0
836 1.029 0.00358 0 0.00204 0
837 1.0385 0.00102 0 0.00202 0
838 1.048 0.00151 0 0.002 0
839 1.0375 7.7E-4 0 0.002 0
840 1.027 5.08E-4 0 0.00201 0
841 1.0285 8.81E-4 0 0.00203 0
842 1.03 4.69E-4 0 0.00207 0
843 1.015 1.44E-4 0 0.00212 0
844 1 3.37E-4 0 0.00219 0
845 1.005 9.55E-5 0 0.00229 0
846 1.01 6.46E-5 0 0.00242 0
847 1.011 8.3E-6 0 0.00257 0
848 1.012 8.08E-5 0 0.00275 0
849 0.994 8.1E-5 0 0.00297 0
850 0.976 7.72E-5 0 0.00322 0
851 0.971 1.52E-4 0 0.00346 0
852 0.966 1.57E-4 0 0.00367 0
853 0.921 3.11E-5 0 0.00379 0
854 0.876 1.13E-4 0 0.0038 0
855 0.912 1.81E-5 0 0.00373 0
856 0.948 4.66E-5 0 0.00362 0
857 0.971 1.2E-5 0 0.00349 0
858 0.994 1.75E-5 0 0.00334 0
859 0.981 7.29E-6 0 0.00316 0
860 0.968 1.55E-7 0 0.00293 0
861 0.9765 2.21E-6 0 0.00269 0
862 0.985 3.54E-8 3.66E-8 0.00247 0
863 0.953 2.18E-7 7.51E-8 0.00227 0
864 0.921 3.49E-7 1.07E-8 0.00208 0
865 0.904 3.5E-8 1.07E-8 0.00189 0
866 0.887 3.49E-8 3.66E-8 0.00173 0
867 0.9245 3.47E-8 3.66E-8 0.0016 0
868 0.962 8.37E-8 1.07E-8 0.00149 0
869 0.961 3.45E-8 1.07E-8 0.0014 0
870 0.96 3.43E-8 0 0.00133 0
871 0.9565 2.21E-7 0 0.00127 0
872 0.953 5.61E-8 0 0.0012 0
873 0.9545 5.59E-8 0 0.00114 0
874 0.956 5.57E-8 0 0.0011 0
875 0.957 4.7E-7 0 0.00107 0
876 0.958 1.6E-6 0 0.00105 0
877 0.946 4.51E-7 0 0.00104 0
878 0.934 4.79E-6 0 0.00103 0
879 0.9345 3.64E-6 0 0.00104 0
880 0.935 2.74E-6 0 0.00106 0
881 0.929 2.03E-5 0 0.00107 0
882 0.923 3.38E-5 0 0.0011 0
883 0.93 1.33E-5 0 0.00114 0
884 0.937 2.18E-5 0 0.00118 0
885 0.9295 1.52E-5 0 0.00123 0
886 0.922 1.76E-4 0 0.00128 0
887 0.923 5.11E-5 0 0.00131 0
888 0.924 1.86E-4 0 0.00134 0
889 0.922 1.14E-5 0 0.00135 0
890 0.92 2.02E-4 0 0.00135 0
891 0.9155 8.93E-5 0 0.00134 0
892 0.911 4.38E-4 0 0.00134 0
893 0.9125 0.00148 0 0.00137 0
894 0.914 0.00337 0 0.00143 0
895 0.9165 0.00876 0 0.0015 0
896 0.919 0.0206 0 0.00158 0
897 0.9065 0.0468 0 0.00164 0
898 0.894 0.0358 0 0.00166 0
899 0.8915 0.107 0 0.00165 0
900 0.889 0.0329 0 0.0016 0
901 0.89 0.0665 0 0.00153 0
902 0.891 0.0497 0 0.00145 0
903 0.886 0.0438 0 0.00136 0
904 0.881 0.00732 0 0.00128 0
905 0.881 0.00847 0 0.00118 0
906 0.881 0.0132 0 0.00108 0
907 0.8675 0.065 0 9.87E-4 0
908 0.854 0.0503 0 9.18E-4 0
909 0.8595 0.0293 0 8.51E-4 0
910 0.865 0.0523 0 7.85E-4 0
911 0.869 0.0408 0 7.22E-4 0
912 0.873 0.036 0 6.69E-4 0
913 0.869 0.0561 0 6.25E-4 0
914 0.865 0.0649 0 5.77E-4 0
915 0.8625 0.0359 0 5.42E-4 0
916 0.86 0.092 0 5.22E-4 0
917 0.8605 0.0214 0 5.01E-4 0
918 0.861 0.066 0 4.82E-4 0
919 0.848 0.0206 0 4.67E-4 0
920 0.835 0.0151 0 4.53E-4 0
921 0.8315 0.00747 0 4.46E-4 0
922 0.828 0.0198 0 4.43E-4 0
923 0.831 0.00824 0 4.39E-4 0
924 0.834 0.0186 0 4.37E-4 0
925 0.8365 0.0219 0 4.4E-4 0
926 0.839 0.0178 0 4.42E-4 0
927 0.842 0.00963 0 4.41E-4 0
928 0.845 0.0634 0 4.38E-4 0
929 0.8425 0.0874 0 4.41E-4 0
930 0.84 0.191 0 4.43E-4 0
931 0.844 0.244 0 4.48E-4 0
932 0.848 0.504 0 4.46E-4 0
933 0.8415 0.611 0 4.37E-4 0
934 0.835 1.21 0 4.4E-4 0
935 0.8275 0.726 0 4.59E-4 0
936 0.82 1.16 0 4.93E-4 0
937 0.824 1 0 5.45E-4 0
938 0.828 0.821 0 6.15E-4 0
939 0.8245 0.27 0 6.91E-4 0
940 0.821 0.167 0 7.8E-4 0
941 0.8135 0.259 0 8.79E-4 0
942 0.806 0.215 0 9.73E-4 0
943 0.814 0.555 0 0.00105 0
944 0.822 0.633 0 0.00109 0
945 0.8195 0.278 0 0.00108 0
946 0.817 0.844 0 0.00103 0
947 0.809 0.3 0 9.39E-4 0
948 0.801 0.473 0 8.41E-4 0
949 0.802 0.148 0 7.38E-4 0
950 0.803 0.985 0 6.53E-4 0
951 0.7995 0.152 0 5.76E-4 0
952 0.796 0.506 0 5.2E-4 0
953 0.7905 0.295 0 4.54E-4 0
954 0.785 0.197 0 4.11E-4 0
955 0.792 0.316 0 4.04E-4 0
956 0.799 0.283 0 3.86E-4 0
957 0.7975 0.403 0 3.67E-4 0
958 0.796 0.152 0 3.42E-4 0
959 0.794 0.259 0 3.12E-4 0
960 0.792 0.175 0 2.86E-4 0
961 0.7915 0.132 0 2.66E-4 0
962 0.791 0.137 0 2.51E-4 0
963 0.7895 0.0946 0 2.39E-4 0
964 0.788 0.134 0 2.31E-4 0
965 0.784 0.096 0 2.23E-4 0
966 0.78 0.0735 0 2.12E-4 0
967 0.789 0.0871 0 1.92E-4 0
968 0.798 0.0165 0 1.75E-4 0
969 0.7905 0.012 0 1.63E-4 0
970 0.783 0.0227 0 1.47E-4 0
971 0.783 0.00708 0 1.35E-4 0
972 0.783 0.0132 0 1.25E-4 0
973 0.775 0.0277 0 1.17E-4 0
974 0.767 0.0403 0 1.13E-4 0
975 0.775 0.0412 0 1.08E-4 0
976 0.783 0.0457 0 1.06E-4 0
977 0.782 0.0179 0 1.03E-4 0
978 0.781 0.0261 0 1.02E-4 0
979 0.7765 0.0168 0 1E-4 0
980 0.772 0.0281 0 9.96E-5 0
981 0.773 0.00436 0 1.03E-4 0
982 0.774 0.0074 0 1.09E-4 0
983 0.775 0.0111 0 1.18E-4 0
984 0.776 0.00195 0 1.35E-4 0
985 0.767 0.00671 0 1.6E-4 0
986 0.758 5E-4 0 1.94E-4 0
987 0.7625 0.00118 0 2.35E-4 0
988 0.767 8.84E-4 0 2.81E-4 0
989 0.765 9.85E-5 0 3.39E-4 0
990 0.763 9.78E-4 0 4.98E-4 0
991 0.7585 1.42E-4 0 7.88E-4 0
992 0.754 8.64E-5 0 7.35E-4 0
993 0.755 5.26E-4 0 5.99E-4 0
994 0.756 4.45E-5 0 5.89E-4 0
995 0.7495 1.49E-5 0 5.58E-4 0
996 0.743 5.82E-5 0 4.59E-4 0
997 0.743 3.32E-5 0 3.67E-4 0
998 0.743 4.32E-5 0 3.06E-4 0
999 0.742 3.95E-5 0 2.53E-4 0
1000 0.741 1.23E-4 0 2.06E-4 0
1001 0.7378 2.53E-5 0 1.93E-4 0
1002 0.7346 6.45E-4 0 1.63E-4 0
1003 0.7314 4E-5 0 1.49E-4 0
1004 0.7282 1.48E-4 0 1.38E-4 0
1005 0.725 1.25E-5 0 1.14E-4 0
1006 0.7246 7.62E-5 0 1.17E-4 0
1007 0.7242 3.55E-5 0 1.01E-4 0
1008 0.7238 1.08E-4 0 9.07E-5 0
1009 0.7234 2.16E-4 0 9.21E-5 0
1010 0.723 3.04E-4 0 8.02E-5 0
1011 0.7228 2.73E-5 0 7.31E-5 0
1012 0.7226 9.85E-5 0 7.41E-5 0
1013 0.7224 1.51E-5 0 6.86E-5 0
1014 0.7222 1.41E-5 0 6.3E-5 0
1015 0.722 2.24E-5 0 6.02E-5 0
1016 0.7208 2.59E-5 0 6.02E-5 0
1017 0.7196 3.23E-5 0 5.59E-5 0
1018 0.7184 7.5E-6 0 5.16E-5 0
1019 0.7172 1.38E-4 0 5.09E-5 0
1020 0.716 1.79E-5 0 4.91E-5 0
1021 0.7178 4.9E-6 0 4.42E-5 0
1022 0.7196 3.21E-5 0 4.07E-5 0
1023 0.7214 4.19E-5 0 3.92E-5 0
1024 0.7232 2.29E-4 0 3.88E-5 0
1025 0.725 7.42E-6 0 3.71E-5 0
1026 0.72 2.21E-5 0 3.59E-5 0
1027 0.715 2.09E-5 0 3.61E-5 0
1028 0.71 2.43E-5 0 3.77E-5 0
1029 0.705 2.92E-5 0 3.78E-5 0
1030 0.7 2.34E-6 0 3.81E-5 0
1031 0.699 9.56E-6 0 3.81E-5 0
1032 0.698 1.93E-6 0 3.89E-5 0
1033 0.697 2.33E-6 0 4.01E-5 0
1034 0.696 6.74E-7 0 4.23E-5 0
1035 0.695 1.31E-7 0 4.52E-5 0
1036 0.6918 1.56E-6 0 4.75E-5 0
1037 0.6886 1.31E-7 2.19E-6 5.05E-5 0
1038 0.6854 1.3E-7 3.09E-7 5.25E-5 0
1039 0.6822 4.49E-7 8.23E-7 5.59E-5 0
1040 0.679 1.3E-7 8.23E-7 6.13E-5 0
1041 0.6804 4.47E-7 3.09E-7 6.73E-5 0
1042 0.6818 1.29E-7 0 7.39E-5 0
1043 0.6832 1.29E-7 0 8.39E-5 0
1044 0.6846 1.29E-7 0 1.02E-4 0
1045 0.686 1.29E-7 0 1.44E-4 0
1046 0.6824 1.28E-7 0 1.88E-4 0
1047 0.6788 1.28E-7 0 1.56E-4 0
1048 0.6752 1.28E-7 0 1.38E-4 0
1049 0.6716 1.28E-7 4.84E-6 1.39E-4 0
1050 0.668 1.27E-7 6.91E-6 1.34E-4 0
1051 0.6662 1.27E-7 8.23E-7 1.18E-4 0
1052 0.6644 1.27E-7 3.01E-6 9.58E-5 0
1053 0.6626 1.27E-7 2.19E-6 8.42E-5 0
1054 0.6608 1.26E-7 8.23E-7 7.32E-5 0
1055 0.659 4.36E-7 3.09E-7 7.02E-5 0
1056 0.6572 6.5E-7 0 6.07E-5 0
1057 0.6554 4.35E-7 0 6.06E-5 0
1058 0.6536 4.34E-7 0 5.33E-5 0
1059 0.6518 1.18E-6 3.09E-7 5.13E-5 0
1060 0.65 4.33E-7 3.09E-7 4.98E-5 0
1061 0.6496 8.94E-7 3.09E-7 4.63E-5 0
1062 0.6492 5.18E-6 3.09E-7 4.9E-5 0
1063 0.6488 7.04E-6 2.19E-6 5.03E-5 0
1064 0.6484 2.57E-7 5.85E-6 5.33E-5 0
1065 0.648 2.67E-5 5.85E-6 6.2E-5 0
1066 0.6464 1.49E-6 6.91E-6 6.05E-5 0
1067 0.6448 1.15E-5 2.19E-6 5.16E-5 0
1068 0.6432 3.16E-5 2.14E-5 4.83E-5 0
1069 0.6416 5.68E-5 3.89E-6 4.96E-5 0
1070 0.64 1.89E-4 8.23E-7 4.54E-5 0
1071 0.6382 1.31E-5 8.23E-7 3.85E-5 0
1072 0.6364 1.78E-4 1.46E-6 3.38E-5 0
1073 0.6346 1.4E-4 8.23E-7 3E-5 0
1074 0.6328 8.31E-6 3.09E-7 2.86E-5 0
1075 0.631 0.00108 3.09E-7 2.85E-5 0
1076 0.629 6.5E-5 0 2.57E-5 0
1077 0.627 5.63E-4 0 2.61E-5 0
1078 0.625 8.58E-4 0 2.34E-5 0
1079 0.623 3.52E-5 0 2.28E-5 0
1080 0.621 0.00159 0 2.05E-5 0
1081 0.6196 0.00141 0 1.85E-5 0
1082 0.6182 4.49E-4 0 1.86E-5 0
1083 0.6168 1.82E-4 0 1.89E-5 0
1084 0.6154 0.00205 0 1.89E-5 0
1085 0.614 8.82E-4 0 1.87E-5 0
1086 0.6136 0.00646 0 2.1E-5 0
1087 0.6132 0.00159 0 2E-5 0
1088 0.6128 5.91E-4 0 1.94E-5 0
1089 0.6124 0.00219 0 1.72E-5 0
1090 0.612 0.004 0 1.28E-5 0
1091 0.6094 0.00106 0 1.01E-5 0
1092 0.6068 9.01E-4 0 0 0
1093 0.6042 0.0106 0 0 0
1094 0.6016 0.00161 0 0 0
1095 0.599 0.00702 0 0 0
1096 0.6008 0.0125 0 0 0
1097 0.6026 6.31E-4 0 0 0
1098 0.6044 0.012 0 0 0
1099 0.6062 0.0101 0 0 0
1100 0.608 0.0223 0 0 0
1101 0.6066 0.0174 0 0 0
1102 0.6052 0.0232 0 0 0
1103 0.6038 0.0265 0 0 0
1104 0.6024 0.0248 0 0 0
1105 0.601 0.0162 0 0 0
1106 0.6012 0.061 0 0 0
1107 0.6014 0.019 0 0 0
1108 0.6016 0.0522 0 0 0
1109 0.6018 0.0534 0 0 0
1110 0.602 0.0207 0 0 0
1111 0.5992 0.155 0 0 0
1112 0.5964 0.0591 0 0 0
1113 0.5936 0.255 0 0 0
1114 0.5908 0.196 0 0 0
1115 0.588 0.385 0 0 0
1116 0.586 0.464 0 0 0
1117 0.584 1.45 0 0 0
1118 0.582 0.511 0 0 0
1119 0.58 1.06 0 0 0
1120 0.578 0.794 0 0 0
1121 0.576 0.703 0 0 0
1122 0.574 1.7 0 0 0
1123 0.572 1.3 0 0 0
1124 0.57 1.47 0 0 0
1125 0.568 0.931 0 0 0
1126 0.5674 2.25 0 0 0
1127 0.5668 0.711 0 0 0
1128 0.5662 1.3 0 0 0
1129 0.5656 1.23 0 0 0
1130 0.565 1.64 0 0 0
1131 0.5644 0.166 0 0 0
1132 0.5638 0.315 0 0 0
1133 0.5632 0.806 0 0 0
1134 0.5626 2.93 0 0 0
1135 0.562 5.83 0 0 0
1136 0.5608 1.03 0 0 0
1137 0.5596 0.171 0 0 0
1138 0.5584 0.405 0 0 0
1139 0.5572 0.213 0 0 0
1140 0.556 0.264 0 0 0
1141 0.5556 0.522 0 0 0
1142 0.5552 0.418 0 0 0
1143 0.5548 0.126 0 0 0
1144 0.5544 1.23 0 0 0
1145 0.554 0.773 0 0 0
1146 0.5518 0.776 0 0 0
1147 0.5496 2.03 0 0 0
1148 0.5474 0.231 0 0 0
1149 0.5452 0.46 0 0 0
1150 0.543 0.944 0 0 0
1151 0.5448 0.445 0 0 0
1152 0.5466 0.355 0 0 0
1153 0.5484 0.419 0 0 0
1154 0.5502 0.62 0 0 0
1155 0.552 0.156 0 0 0
1156 0.5492 0.233 0 0 0
1157 0.5464 0.134 0 0 0
1158 0.5436 0.166 0 0 0
1159 0.5408 0.123 0 0 0
1160 0.538 0.164 0 0 0
1161 0.536 0.0706 0 0 0
1162 0.534 0.0716 0 0 0
1163 0.532 0.0149 0 0 0
1164 0.53 0.0353 0 0 0
1165 0.528 0.0492 0 0 0
1166 0.5286 0.0507 0 0 0
1167 0.5292 0.0317 0 0 0
1168 0.5298 0.0274 0 0 0
1169 0.5304 0.0202 0 0 0
1170 0.531 0.0115 0 0 0
1171 0.5294 0.0151 0 0 0
1172 0.5278 0.0138 0 0 0
1173 0.5262 0.0113 0 0 0
1174 0.5246 0.0815 0 0 0
1175 0.523 0.0103 0 0 0
1176 0.5208 0.00394 0 0 0
1177 0.5186 0.00691 0 0 0
1178 0.5164 0.055 0 0 0
1179 0.5142 0.00472 0 0 0
1180 0.512 0.0146 0 0 0
1181 0.5114 0.00963 0 0 0
1182 0.5108 0.108 0 0 0
1183 0.5102 0.00712 0 0 0
1184 0.5096 0.0213 0 0 0
1185 0.509 0.0292 0 0 0
1186 0.5088 0.00396 0 0 0
1187 0.5086 0.0101 0 0 0
1188 0.5084 0.0806 0 0 0
1189 0.5082 0.013 0 0 0
1190 0.508 0.00482 0 0 0
1191 0.506 0.0116 0 0 0
1192 0.504 0.00416 0 0 0
1193 0.502 0.00874 0 0 0
1194 0.5 0.00497 0 0 0
1195 0.498 0.00911 0 0 0
1196 0.4968 0.0133 0 0 0
1197 0.4956 0.0026 0 0 0
1198 0.4944 0.00916 0 0 0
1199 0.4932 0.0328 0 0 0
1200 0.492 0.00712 0 0 0
1201 0.4914 0.0122 0 0 0
1202 0.4908 0.0128 0 0 0
1203 0.4902 0.00747 6.12E-5 0 0
1204 0.4896 0.0378 9.3E-4 0 0
1205 0.489 0.00889 3.95E-4 0 0
1206 0.488 0.00109 1.04E-4 0 0
1207 0.487 0.0111 2.56E-4 0 0
1208 0.486 0.00738 3.01E-4 0 0
1209 0.485 0.00729 1.58E-4 0 0
1210 0.484 0.00418 7.84E-5 0 0
1211 0.486 0.00819 3.8E-5 0 0
1212 0.488 0.0119 1.99E-5 0 0
1213 0.49 0.00186 5.85E-6 0 0
1214 0.492 0.00835 2.19E-6 0 0
1215 0.494 0.00973 8.23E-7 0 0
1216 0.4902 0.00196 3.09E-7 0 0
1217 0.4864 0.00343 0 0 0
1218 0.4826 0.00186 1.45E-4 0 0
1219 0.4788 0.00216 5.31E-4 0 0
1220 0.475 0.00241 1.64E-4 0 0
1221 0.4748 0.00175 5.71E-5 0 0
1222 0.4746 0.00256 1.64E-4 0 0
1223 0.4744 0.00257 1.69E-4 0 0
1224 0.4742 0.00289 8.97E-5 0 0
1225 0.474 0.00144 3.62E-5 0 0
1226 0.4744 9.47E-4 2.45E-5 0 0
1227 0.4748 0.00382 1.84E-5 0 0
1228 0.4752 5.92E-4 9.18E-6 0 0
1229 0.4756 7.54E-4 2.19E-6 0 0
1230 0.476 0.00128 3.01E-6 0 0
1231 0.4744 1.2E-4 3.01E-6 0 0
1232 0.4728 1.48E-4 2.19E-6 0 0
1233 0.4712 0.00183 1.46E-6 0 0
1234 0.4696 1.39E-5 3.01E-6 0 0
1235 0.468 9.84E-5 2.19E-6 0 0
1236 0.4676 2.67E-5 3.09E-7 0 0
1237 0.4672 2.45E-4 8.23E-7 0 0
1238 0.4668 2.03E-5 8.23E-7 0 0
1239 0.4664 2.03E-5 3.09E-7 0 0
1240 0.466 4.91E-6 3.09E-7 0 0
1241 0.4634 1.09E-4 3.09E-7 0 0
1242 0.4608 7.21E-6 0 0 0
1243 0.4582 3.01E-6 3.09E-7 0 0
1244 0.4556 2.02E-5 3.09E-7 0 0
1245 0.453 3.44E-6 1.46E-6 0 0
1246 0.4546 3E-6 0 0 0
1247 0.4562 7.19E-6 3.89E-6 0 0
1248 0.4578 3.12E-5 1.04E-5 0 0
1249 0.4594 3.89E-6 4.84E-6 0 0
1250 0.461 5.42E-6 1.56E-5 0 0
1251 0.459 4.37E-6 5.92E-5 0 0
1252 0.457 9.14E-6 8.23E-7 0 0
1253 0.455 4.88E-6 1.09E-4 0 0
1254 0.453 3.87E-5 1.89E-4 0 0
1255 0.451 1.63E-5 8.23E-7 0 0
1256 0.4472 9.12E-6 2.95E-4 0 0
1257 0.4434 5.96E-6 3.88E-4 0 0
1258 0.4396 2.64E-5 2.61E-5 0 0
1259 0.4358 6.53E-6 6.7E-4 0 0
1260 0.432 2.53E-5 4.28E-4 0 0
1261 0.4308 2.52E-5 0.00162 0 0
1262 0.4296 7.76E-6 0.00268 0 0
1263 0.4284 3.72E-5 0.00235 0 0
1264 0.4272 3.59E-5 0.00482 0 0
1265 0.426 1.2E-5 0.00242 0 0
1266 0.4262 5.37E-6 0.00368 0 0
1267 0.4264 5.12E-5 0.00264 0 0
1268 0.4266 2.2E-5 0.00423 0 0
1269 0.4268 1.8E-5 0.0263 0 0
1270 0.427 1.28E-5 0.00266 0 0
1271 0.4298 9.11E-5 0.00122 0 0
1272 0.4326 5.42E-5 0.00128 0 0
1273 0.4354 4.11E-5 0.00148 0 0
1274 0.4382 9.89E-5 0.00127 0 0
1275 0.441 1.71E-5 0.00118 0 0
1276 0.4376 6.37E-5 8.83E-4 0 0
1277 0.4342 3.63E-4 4.69E-4 0 0
1278 0.4308 1.2E-5 3.63E-4 0 0
1279 0.4274 2.12E-4 1.98E-4 0 0
1280 0.424 2.57E-4 2.07E-4 0 0
1281 0.4244 2.76E-4 6.75E-5 0 0
1282 0.4248 3.19E-5 4.54E-5 0 0
1283 0.4252 5.71E-5 6.96E-5 0 0
1284 0.4256 2.86E-4 1.99E-5 0 0
1285 0.426 1.81E-4 3.27E-5 0 0
1286 0.427 1.2E-4 8.23E-7 0 0
1287 0.428 4.8E-4 3.1E-5 0 0
1288 0.429 5.76E-4 3.09E-7 0 0
1289 0.43 0.00191 1.84E-5 0 0
1290 0.431 4.63E-4 4.84E-6 0 0
1291 0.4302 2.11E-4 1.99E-5 0 0
1292 0.4294 0.00255 3.89E-6 0 0
1293 0.4286 0.00101 3.89E-6 0 0
1294 0.4278 0.00139 3.89E-6 0 0
1295 0.427 0.00162 5.85E-6 0 0
1296 0.427 0.00303 3.89E-6 0 0
1297 0.427 0.00618 1.46E-6 0 0
1298 0.427 0.00224 8.23E-7 0 0
1299 0.427 6.45E-4 3.09E-7 0 0
1300 0.427 0.0121 3.09E-7 0 0
1301 0.4252 0.00844 0 0 0
1302 0.4234 0.00222 0 0 0
1303 0.4216 0.0165 0 0 0
1304 0.4198 0.0367 0 0 0
1305 0.418 0.00388 0 0 0
1306 0.4162 0.00333 0 0 0
1307 0.4144 0.0353 0 0 0
1308 0.4126 0.0167 0 0 0
1309 0.4108 0.003 0 0 0
1310 0.409 0.0403 0 0 0
1311 0.4084 0.0195 0 0 0
1312 0.4078 0.0159 3.09E-7 0 0
1313 0.4072 0.0226 8.02E-6 0 0
1314 0.4066 0.0593 3.98E-5 0 0
1315 0.406 0.0388 5.31E-5 0 0
1316 0.4062 0.0161 2.29E-5 0 0
1317 0.4064 0.0332 6.91E-6 0 0
1318 0.4066 0.0138 1.99E-5 0 0
1319 0.4068 0.0669 2.45E-5 0 0
1320 0.407 0.0965 2.14E-5 0 0
1321 0.406 0.0399 1.42E-5 0 0
1322 0.405 0.0305 6.91E-6 0 0
1323 0.404 0.114 2.19E-6 0 0
1324 0.403 0.0762 8.23E-7 0 0
1325 0.402 0.0217 3.09E-7 0 0
1326 0.4008 0.0476 0 0 0
1327 0.3996 0.0652 0 0 0
1328 0.3984 0.111 0 0 0
1329 0.3972 0.224 0 0 0
1330 0.396 0.106 0 0 0
1331 0.3952 0.308 0 0 0
1332 0.3944 0.419 0 0 0
1333 0.3936 0.151 0 0 0
1334 0.3928 0.283 0 0 0
1335 0.392 0.11 3.09E-7 0 0
1336 0.3916 0.263 3.01E-6 0 0
1337 0.3912 0.263 9.18E-6 0 0
1338 0.3908 0.225 1.56E-5 0 0
1339 0.3904 0.21 1.16E-5 0 0
1340 0.39 0.296 2.19E-6 0 0
1341 0.3894 0.272 3.89E-6 0 0
1342 0.3888 0.205 1.04E-5 0 0
1343 0.3882 0.395 1.04E-5 0 0
1344 0.3876 1.02 5.85E-6 0 0
1345 0.387 0.604 3.89E-6 0 0
1346 0.3856 1.18 1.46E-6 0 0
1347 0.3842 1.19 8.23E-7 0 0
1348 0.3828 4.46 3.09E-7 0 0
1349 0.3814 1.92 0 0 0
1350 0.38 3.27 0 0 0
1351 0.379 4.29 3.09E-7 0 0
1352 0.378 6.75 0 0 0
1353 0.377 13.4 3.09E-7 0 0
1354 0.376 12.8 0 0 0
1355 0.375 31.1 0 0 0
1356 0.3744 16.6 0 0 0
1357 0.3738 15.7 0 0 0
1358 0.3732 29.8 0 0 0
1359 0.3726 36.5 0 0 0
1360 0.372 23.1 0 0 0
1361 0.3704 60.7 0 0 0
1362 0.3688 149 0 0 0
1363 0.3672 25.5 0 0 0
1364 0.3656 26.7 0 0 0
1365 0.364 91.3 0 0 0
1366 0.3638 16.6 0 0 0
1367 0.3636 24.8 0 0 0
1368 0.3634 95 0 0 0
1369 0.3632 28.9 3.09E-7 0 0
1370 0.363 35.2 3.09E-7 0 0
1371 0.363 51.8 3.09E-7 0 0
1372 0.363 29.1 3.09E-7 0 0
1373 0.363 15.3 0 0 0
1374 0.363 12.1 3.09E-7 0 0
1375 0.363 12.7 3.09E-7 0 0
1376 0.3622 12 3.09E-7 0 0
1377 0.3614 12.6 3.09E-7 0 0
1378 0.3606 6.5 0 0 0
1379 0.3598 18.3 0 0 0
1380 0.359 16.2 0 0 0
1381 0.359 50.3 0 0 0
1382 0.359 31.3 0 0 0
1383 0.359 67.3 0 0 0
1384 0.359 33.1 0 0 0
1385 0.359 40 0 0 0
1386 0.358 23.4 0 0 0
1387 0.357 8.81 0 0 0
1388 0.356 26.5 0 0 0
1389 0.355 7.99 0 0 0
1390 0.354 9.07 0 0 0
1391 0.3538 8.55 0 0 0
1392 0.3536 20.9 0 0 0
1393 0.3534 16.2 0 0 0
1394 0.3532 10.2 0 0 0
1395 0.353 37.5 0 0 0
1396 0.3522 52 0 0 0
1397 0.3514 18.9 0 0 0
1398 0.3506 5.14 0 0 0
1399 0.3498 6.88 0 0 0
1400 0.349 47.2 0 0 0
1401 0.3484 52.7 0 0 0
1402 0.3478 7.2 0 0 0
1403 0.3472 4.78 0 0 0
1404 0.3466 10.6 0 0 0
1405 0.346 34.6 0 0 0
1406 0.3454 5.1 0 0 0
1407 0.3448 20.1 0 0 0
1408 0.3442 5.14 0 0 0
1409 0.3436 12.6 0 0 0
1410 0.343 10.6 0 0 0
1411 0.3426 5.14 0 0 0
1412 0.3422 5.32 0 0 0
1413 0.3418 2.35 0 0 0
1414 0.3414 11.2 0 0 0
1415 0.341 12.9 0 0 0
1416 0.3408 1.7 0 0 0
1417 0.3406 1.88 0 0 0
1418 0.3404 2.8 0 0 0
1419 0.3402 10.7 0 0 0
1420 0.34 4.7 0 0 0
1421 0.341 3.21 0 0 0
1422 0.342 1.43 0 0 0
1423 0.343 3.51 0 0 0
1424 0.344 3.51 0 0 0
1425 0.345 2.32 0 0 0
1426 0.343 2.28 0 0 0
1427 0.341 1.3 0 0 0
1428 0.339 4.26 0 0 0
1429 0.337 1.85 3.09E-7 0 0
1430 0.335 1.21 5.85E-6 0 0
1431 0.3338 1.18 0.0254 0 0
1432 0.3326 5.23 0.035 0 0
1433 0.3314 1.66 0.0172 0 0
1434 0.3302 2.74 0.00365 0 0
1435 0.329 2.29 0.00683 0 0
1436 0.3282 1.57 0.0102 0 0
1437 0.3274 1.96 0.00868 0 0
1438 0.3266 3.93 0.00657 0 0
1439 0.3258 1.01 0.00852 0 0
1440 0.325 1.47 0.00655 0 0
1441 0.3234 1.56 0.00388 0 0
1442 0.3218 2.01 0.00236 0 0
1443 0.3202 1.92 0.00117 0 0
1444 0.3186 0.821 0.00159 0 0
1445 0.317 1.35 7.39E-4 0 0
1446 0.318 3.68 6.62E-4 0 0
1447 0.319 1.45 3.56E-4 0 0
1448 0.32 0.432 2.4E-4 0 0
1449 0.321 0.444 1.19E-4 0 0
1450 0.322 2.22 6.96E-5 0 0
1451 0.3188 4.6 4.54E-5 0 0
1452 0.3156 1.13 2.45E-5 0 0
1453 0.3124 0.689 1.42E-5 0 0
1454 0.3092 0.266 8.02E-6 0 0
1455 0.306 0.877 4.84E-6 0 0
1456 0.308 0.664 3.01E-6 0 0
1457 0.31 0.365 1.46E-6 0 0
1458 0.312 0.342 8.23E-7 0 0
1459 0.314 0.155 3.09E-7 0 0
1460 0.316 0.867 3.09E-7 0 0
1461 0.315 0.493 0 0 0
1462 0.314 0.315 0 0 0
1463 0.313 1.45 0 0 0
1464 0.312 0.224 0 0 0
1465 0.311 0.758 0 0 0
1466 0.311 1.06 0 0 0
1467 0.311 1.99 0 0 0
1468 0.311 0.682 0 0 0
1469 0.311 0.468 0 0 0
1470 0.311 1.88 0 0 0
1471 0.3102 2.87 2.77E-5 0 0
1472 0.3094 1.63 1.61E-4 0 0
1473 0.3086 0.814 1.06E-4 0 0
1474 0.3078 0.552 4.92E-5 0 0
1475 0.307 0.101 8.02E-6 0 0
1476 0.3062 0.916 2.94E-5 0 0
1477 0.3054 1.01 5.31E-5 0 0
1478 0.3046 1.06 3.27E-5 0 0
1479 0.3038 0.374 4.92E-5 0 0
1480 0.303 1.05 2.77E-5 0 0
1481 0.3022 0.492 1.99E-5 0 0
1482 0.3014 1.04 1.16E-5 0 0
1483 0.3006 0.176 4.84E-6 0 0
1484 0.2998 0.266 3.01E-6 0 0
1485 0.299 0.294 3.01E-6 0 0
1486 0.3 0.289 1.46E-6 0 0
1487 0.301 0.936 1.46E-6 0 0
1488 0.302 0.363 3.09E-7 0 0
1489 0.303 0.104 3.09E-7 0 0
1490 0.304 0.121 3.09E-7 0 0
1491 0.3034 0.0917 0 0 0
1492 0.3028 0.141 3.09E-7 0 0
1493 0.3022 0.0931 2.19E-6 0 0
1494 0.3016 0.0547 3.01E-6 0 0
1495 0.301 0.102 3.01E-6 0 0
1496 0.3002 0.121 8.23E-7 0 0
1497 0.2994 0.0386 9.18E-6 0 0
1498 0.2986 0.0756 4.84E-6 0 0
1499 0.2978 0.038 8.23E-7 0 0
1500 0.297 0.0157 3.09E-7 0 0
1501 0.2968 0.00718 3.09E-7 0 0
1502 0.2966 0.0237 3.09E-7 0 0
1503 0.2964 0.0566 0 0 0
1504 0.2962 0.122 0 0 0
1505 0.296 0.0577 0 0 0
1506 0.2952 0.00469 0 0 0
1507 0.2944 0.00866 0 0 0
1508 0.2936 0.0176 0 0 0
1509 0.2928 0.0708 0 0 0
1510 0.292 0.00402 0 0 0
1511 0.292 0.00551 0 0 0
1512 0.292 0.00544 0 0 0
1513 0.292 0.013 0 0 0
1514 0.292 0.0207 0 0 0
1515 0.292 0.0038 0 0 0
1516 0.2912 0.00626 0 0 0
1517 0.2904 0.00891 0 0 0
1518 0.2896 0.00883 0 0 0
1519 0.2888 0.00994 0 0 0
1520 0.288 0.00405 0 0 0
1521 0.2888 7.66E-4 0 0 0
1522 0.2896 0.00238 0 0 0
1523 0.2904 6.01E-4 3.09E-7 0 0
1524 0.2912 0.00134 1.46E-6 0 0
1525 0.292 0.00297 6.91E-6 0 0
1526 0.2904 0.00277 1.16E-5 0 0
1527 0.2888 0.00303 1.29E-5 0 0
1528 0.2872 7.01E-4 1.16E-5 0 0
1529 0.2856 0.00158 8.02E-6 0 0
1530 0.284 0.00233 2.14E-5 0 0
1531 0.2826 0.00247 4.92E-5 0 0
1532 0.2812 3.55E-4 1.39E-4 0 0
1533 0.2798 1.04E-4 3.08E-4 0 0
1534 0.2784 2.97E-4 5.04E-4 0 0
1535 0.277 9.33E-4 5.63E-4 0 0
1536 0.2772 3.37E-4 3.18E-4 0 0
1537 0.2774 8.18E-4 1.81E-4 0 0
1538 0.2776 1.3E-4 4.92E-5 0 0
1539 0.2778 3.66E-4 1.95E-4 0 0
1540 0.278 8.26E-5 3.77E-4 0 0
1541 0.2778 1.53E-4 2.98E-4 0 0
1542 0.2776 5.29E-4 2.1E-4 0 0
1543 0.2774 1.7E-4 1.66E-4 0 0
1544 0.2772 6.19E-4 6.96E-5 0 0
1545 0.277 8.44E-5 3.62E-5 0 0
1546 0.2768 3.06E-4 2.14E-5 0 0
1547 0.2766 1.19E-4 4.84E-6 0 0
1548 0.2764 1.12E-4 1.46E-6 0 0
1549 0.2762 4.82E-5 3.09E-7 0 0
1550 0.276 8.07E-5 3.09E-7 0 0
1551 0.2758 1.16E-4 0 0 0
1552 0.2756 3.48E-4 0 0 0
1553 0.2754 7.36E-5 0 0 0
1554 0.2752 1.21E-4 0 0 0
1555 0.275 7.01E-5 0 0 0
1556 0.2746 9.18E-5 0 0 0
1557 0.2742 7.18E-5 0 0 0
1558 0.2738 7.35E-5 3.09E-7 0 0
1559 0.2734 8.61E-5 3.09E-7 0 0
1560 0.273 9.18E-5 3.09E-7 0 0
1561 0.2718 8.43E-5 3.09E-7 0 0
1562 0.2706 1.83E-4 3.09E-7 0 0
1563 0.2694 1.39E-4 0 0 0
1564 0.2682 1.55E-4 0 0 0
1565 0.267 8.06E-5 8.23E-7 0 0
1566 0.2664 1.18E-4 4.84E-6 0 0
1567 0.2658 8.61E-5 3.62E-5 0 0
1568 0.2652 1.23E-4 2.37E-4 0 0
1569 0.2646 5.87E-5 0.00103 0 0
1570 0.264 7.01E-5 0.00329 0 0
1571 0.2638 7.35E-5 0.00678 0 0
1572 0.2636 6.5E-5 0.00603 0 0
1573 0.2634 7.18E-5 0.00588 0 0
1574 0.2632 7.52E-5 0.00359 0 0
1575 0.263 6.02E-5 7.79E-4 0 0
1576 0.2622 9.37E-5 0.00163 0 0
1577 0.2614 6.18E-5 0.00375 0 0
1578 0.2606 5.55E-5 0.00313 0 0
1579 0.2598 1.27E-4 0.00382 0 0
1580 0.259 5.86E-5 0.00248 0 0
1581 0.2584 6.5E-5 0.00199 0 0
1582 0.2578 7E-5 0.00131 0 0
1583 0.2572 1.99E-4 7.7E-4 0 0
1584 0.2566 5.55E-5 3.98E-4 0 0
1585 0.256 7E-5 1.83E-4 0 0
1586 0.2548 1.65E-4 6.54E-5 0 0
1587 0.2536 2.19E-4 3.45E-5 0 0
1588 0.2524 6.02E-5 9.18E-6 0 0
1589 0.2512 5.55E-5 6.91E-6 0 0
1590 0.25 1.18E-4 3.01E-6 0 0
1591 0.2502 9.36E-5 1.46E-6 0 0
1592 0.2504 2.33E-4 8.23E-7 0 0
1593 0.2506 8.41E-5 8.23E-7 0 0
1594 0.2508 1.8E-4 1.46E-6 0 0
1595 0.251 1.02E-4 3.01E-6 0 0
1596 0.2512 1.45E-4 8.02E-6 0 0
1597 0.2514 2.79E-4 3.8E-5 0 0
1598 0.2516 9.35E-5 2.22E-4 0 0
1599 0.2518 9.16E-5 0.00109 0 0
1600 0.252 5.85E-5 0.0026 0 0
1601 0.251 9.94E-5 0.00487 0 0
1602 0.25 1.7E-4 0.00534 0 0
1603 0.249 6.33E-5 0.0059 0 0
1604 0.248 6.99E-5 0.0047 0 0
1605 0.247 6.01E-5 0.00173 0 0
1606 0.2474 6.66E-5 8.93E-4 0 0
1607 0.2478 6.33E-5 0.00212 0 0
1608 0.2482 1.48E-4 0.00373 0 0
1609 0.2486 8.41E-5 0.00431 0 0
1610 0.249 8.59E-5 0.00286 0 0
1611 0.2488 1.14E-4 0.00255 0 0
1612 0.2486 6.33E-5 0.00194 0 0
1613 0.2484 1.36E-4 0.00124 0 0
1614 0.2482 9.54E-5 7E-4 0 0
1615 0.248 7.51E-5 4.43E-4 0 0
1616 0.2474 8.96E-5 2.62E-4 0 0
1617 0.2468 1.45E-4 1.72E-4 0 0
1618 0.2462 6.99E-5 1.39E-4 0 0
1619 0.2456 1.8E-4 8.97E-5 0 0
1620 0.245 6.65E-5 5.11E-5 0 0
1621 0.2458 6.65E-5 5.31E-5 0 0
1622 0.2466 7.16E-5 4.16E-5 0 0
1623 0.2474 6.99E-5 2.45E-5 0 0
1624 0.2482 7.16E-5 6.75E-5 0 0
1625 0.249 1.25E-4 1.56E-5 0 0
1626 0.2484 7.16E-5 8.29E-5 0 0
1627 0.2478 6.82E-5 6.12E-5 0 0
1628 0.2472 7.16E-5 1.21E-4 0 0
1629 0.2466 6.99E-5 7.4E-5 0 0
1630 0.246 7.16E-5 1.02E-4 0 0
1631 0.2452 7.5E-5 2.4E-4 0 0
1632 0.2444 1.83E-4 5.51E-5 0 0
1633 0.2436 1.52E-4 4.09E-4 0 0
1634 0.2428 7.68E-5 8.97E-5 0 0
1635 0.242 1.55E-4 4.73E-4 0 0
1636 0.2408 7.68E-5 2.46E-4 0 0
1637 0.2396 1.01E-4 1.06E-4 0 0
1638 0.2384 7.67E-5 0.0013 0 0
1639 0.2372 1.5E-4 1.89E-4 0 0
1640 0.236 3.22E-4 0.00166 0 0
1641 0.2366 8.21E-5 7.13E-4 0 0
1642 0.2372 1.4E-4 4.02E-4 0 0
1643 0.2378 8.96E-5 0.00278 0 0
1644 0.2384 7.85E-5 3.52E-4 0 0
1645 0.239 2.33E-4 9.63E-4 0 0
1646 0.2384 3.53E-4 0.00183 0 0
1647 0.2378 9.93E-5 2.19E-4 0 0
1648 0.2372 1.29E-4 0.00245 0 0
1649 0.2366 1.52E-4 7.17E-4 0 0
1650 0.236 1.88E-4 3.56E-4 0 0
1651 0.2364 1.16E-4 0.0033 0 0
1652 0.2368 6.68E-4 1.34E-4 0 0
1653 0.2372 3.57E-4 1.39E-4 0 0
1654 0.2376 1.88E-4 0.00189 0 0
1655 0.238 1.9E-4 1.66E-4 0 0
1656 0.2378 2.85E-4 5.99E-4 0 0
1657 0.2376 3.39E-4 2.49E-4 0 0
1658 0.2374 2.39E-4 1.42E-5 0 0
1659 0.2372 1.22E-4 1.61E-4 0 0
1660 0.237 1.57E-4 1.09E-4 0 0
1661 0.2362 4.01E-4 1.16E-5 0 0
1662 0.2354 7.02E-4 2.65E-4 0 0
1663 0.2346 1.7E-4 3.27E-5 0 0
1664 0.2338 3.75E-4 2.29E-5 0 0
1665 0.233 1.45E-4 0.00179 0 0
1666 0.2328 5.53E-4 0.0134 0 0
1667 0.2326 1.36E-4 0.00184 0 0
1668 0.2324 9.33E-5 3.05E-4 0 0
1669 0.2322 5.79E-4 6.96E-5 0 0
1670 0.232 1.85E-4 4.92E-5 0 0
1671 0.2304 2.39E-4 1.92E-4 0 0
1672 0.2288 2.24E-4 3.98E-5 0 0
1673 0.2272 1.59E-4 1.42E-5 0 0
1674 0.2256 2.54E-4 3.42E-4 0 0
1675 0.224 2.51E-4 2.37E-4 0 0
1676 0.2242 5.18E-4 4.84E-6 0 0
1677 0.2244 3.94E-4 2.1E-4 0 0
1678 0.2246 5.79E-4 6.49E-4 0 0
1679 0.2248 1.9E-4 8.02E-6 0 0
1680 0.225 2.88E-4 2.45E-5 0 0
1681 0.2246 1.38E-4 6.87E-4 0 0
1682 0.2242 1.27E-4 3.1E-5 0 0
1683 0.2238 1.75E-4 1.16E-5 0 0
1684 0.2234 0.00161 0.00134 0 0
1685 0.223 1.33E-4 4.16E-5 0 0
1686 0.223 1.72E-4 2.29E-5 0 0
1687 0.223 5.31E-4 6.7E-4 0 0
1688 0.223 1.47E-4 1.11E-4 0 0
1689 0.223 2.57E-4 4.92E-5 0 0
1690 0.223 5.53E-4 9.2E-5 0 0
1691 0.222 0.00359 4.92E-4 0 0
1692 0.221 9.17E-4 1.5E-4 0 0
1693 0.22 1.33E-4 3.98E-5 0 0
1694 0.219 6.63E-4 5.11E-4 0 0
1695 0.218 1.38E-4 1.45E-4 0 0
1696 0.2186 2.69E-4 1.04E-5 0 0
1697 0.2192 0.00813 3.88E-4 0 0
1698 0.2198 1.72E-4 1.69E-4 0 0
1699 0.2204 5.66E-4 5.92E-5 0 0
1700 0.221 8.41E-4 2.72E-4 0 0
1702 0.219 1.45E-4 1.98E-4 0 0
1705 0.216 0.0022 3.93E-4 0 0
1710 0.207 0.00225 2.74E-4 0 0
1715 0.216 0.00338 7.67E-5 0 0
1720 0.209 0.0026 1.09E-4 0 0
1725 0.2 0.00567 3.23E-4 0 0
1730 0.194 0.00607 2.38E-4 0 0
1735 0.193 0.00918 9.36E-5 0 0
1740 0.195 0.00986 8.04E-5 0 0
1745 0.189 0.0176 3.87E-5 0 0
1750 0.191 0.0101 2.09E-5 0 0
1755 0.193 0.0211 1.5E-5 0 0
1760 0.188 0.0135 1.73E-5 0 0
1765 0.186 0.0487 4.32E-5 0 0
1770 0.18 0.0333 9.36E-5 0 0
1775 0.176 0.0828 1.39E-4 0 0
1780 0.174 0.135 5.43E-5 0 0
1785 0.173 0.267 6.44E-5 0 0
1790 0.172 0.177 2.72E-4 0 0
1795 0.176 0.959 6.09E-5 0 0
1800 0.172 1.36 1.97E-5 0 0
1805 0.171 2.61 4.47E-5 0 0
1810 0.163 3.62 3.72E-5 0 0
1815 0.163 5.15 2.47E-5 0 0
1820 0.162 11.9 6.22E-7 0 0
1825 0.159 7.36 0 0 0
1830 0.159 18.9 0 0 0
1835 0.153 35.2 0 0 0
1840 0.156 58.7 0 0 0
1845 0.154 22.3 0 0 0
1850 0.151 35.8 0 0 0
1855 0.148 39.4 0 0 0
1860 0.146 27 0 0 0
1865 0.146 12.1 0 0 0
1870 0.138 78.9 0 0 0
1875 0.138 70.1 2.61E-5 0 0
1880 0.143 10.4 1.09E-4 0 0
1885 0.141 12.8 3.57E-5 0 0
1890 0.14 12.9 8.79E-6 0 0
1895 0.141 8.14 1.1E-6 0 0
1900 0.136 40.3 1.1E-6 0 0
1905 0.139 55.4 1.1E-6 0 0
1910 0.141 11.8 1.66E-6 0 0
1915 0.139 25 6.22E-7 0 0
1920 0.137 19.5 6.22E-7 0 0
1925 0.135 7.28 6.22E-7 0 0
1930 0.135 7.49 2.33E-7 0 0
1935 0.134 2.79 1.29E-5 0 0
1940 0.132 3.39 5.89E-4 0 0
1945 0.13 2.68 0.0071 0 0
1950 0.129 0.947 0.0269 0 0
1955 0.124 1.31 0.0953 0 0
1960 0.128 0.817 0.0521 0 0
1965 0.128 0.317 0.0635 0 0
1970 0.127 0.145 0.0335 0 0
1975 0.132 0.104 0.008 0 0
1980 0.127 0.0998 0.00133 0 0
1985 0.125 0.0608 2.28E-4 0 0
1990 0.123 0.0616 2.3E-4 0 0
1995 0.125 0.0408 0.00578 0 0
2000 0.118 0.0254 0.141 0 0
2005 0.112 0.0594 0.267 0 0
2010 0.116 0.00596 0.136 0 0
2015 0.114 0.027 0.173 0 0
2020 0.115 0.0147 0.0904 0 0
2025 0.115 0.00571 0.0263 0 0
2030 0.112 0.011 0.0069 0 0
2035 0.109 0.00272 0.00379 0 0
2040 0.109 0.00576 0.00425 0 0
2045 0.11 0.00369 0.00592 0 0
2050 0.106 0.0041 0.0373 0 0
2055 0.104 0.00406 0.065 0 0
2060 0.102 0.00501 0.0314 0 0
2065 0.097 0.00327 0.0468 0 0
2070 0.101 0.00388 0.0341 0 0
2075 0.103 0.00442 0.0155 0 0
2080 0.099 0.00231 0.00475 0 0
2085 0.098 0.00229 0.00564 0 0
2090 0.1 0.00255 0.00341 0 0
2095 0.093 0.00374 0.00138 0 0
2100 0.095 0.00694 5.89E-4 0 0
2105 0.095 0.00206 4.66E-4 0 0
2110 0.089 0.00349 5.89E-4 0 0
2115 0.092 0.00255 2.58E-4 0 0
2120 0.089 0.00363 2.23E-4 0 0
2125 0.089 0.00236 9.17E-5 0 0
2130 0.089 0.00246 3.01E-5 0 0
2135 0.087 0.002 7.85E-6 0 0
2140 0.092 0.00135 6.94E-6 0 0
2145 0.084 0.00133 3.43E-5 0 0
2150 0.083 0.00369 1.7E-4 0 0
2155 0.081 0.00295 1.47E-4 0 0
2160 0.084 0.00451 2.48E-4 0 0
2165 0.082 0.00418 2.1E-4 0 0
2170 0.084 0.00383 1.79E-4 0 0
2175 0.079 0.00423 1.26E-4 0 0
2180 0.077 0.00348 2.03E-4 0 0
2185 0.069 0.011 8.79E-5 0 0
2190 0.074 0.00338 3.43E-5 0 0
2195 0.075 0.00415 4.94E-5 0 0
2200 0.084 0.00487 0.00366 0 0
2205 0.077 0.00445 8.5E-4 0 0
2210 0.077 0.00278 5.76E-5 0 0
2215 0.074 0.00274 2.53E-4 0 0
2220 0.079 0.00201 5.59E-4 0 0
2225 0.077 0.00319 6.82E-4 0 0
2230 0.077 0.0012 0.00112 0 0
2235 0.066 0.00196 0.00143 0 0
2240 0.061 0.0012 0.00162 0 0
2245 0.073 0.00168 0.00265 0 0
2250 0.077 0.00128 0.0018 0 0
2255 0.077 0.00142 0.00411 0 0
2260 0.072 0.00148 0.00413 0 0
2265 0.073 0.00135 0.00324 0 0
2270 0.066 0.00145 0.00613 0 0
2275 0.065 0.00146 0.00625 0 0
2280 0.07 0.00155 0.00302 0 0
2285 0.067 0.00156 0.00475 0 0
2290 0.067 0.00166 0.0063 0 0
2295 0.066 0.00176 0.00638 0 0
2300 0.067 0.00322 0.00938 0 0
2305 0.064 0.00369 0.0081 0 0
2310 0.063 0.00566 0.0015 0 0
2315 0.059 0.00547 0.00687 0 0
2320 0.054 0.00573 0.0128 0 0
2325 0.056 0.00771 0.0027 0 0
2330 0.056 0.00495 0.00403 0 0
2335 0.06 0.00338 0.00445 0 0
2340 0.059 0.0215 0.00994 0 0
2345 0.061 0.00836 0.00966 0 0
2350 0.062 0.0315 0.0127 0 0
2355 0.064 0.0136 0.00919 0 0
2360 0.066 0.0111 0.00681 0 0
2365 0.062 0.0186 0.00299 0 0
2370 0.062 0.0629 0.0278 0 0
2375 0.058 0.0271 0.00935 0 0
2380 0.056 0.0631 0.00261 0 0
2385 0.061 0.141 0.00472 0 0
2390 0.06 0.0902 0.00317 0 0
2395 0.059 0.0552 0.00415 0 0
2400 0.055 0.0475 0.00231 0 0
2405 0.056 0.143 0.00221 0 0
2410 0.057 0.14 9.3E-4 0 0
2415 0.054 0.375 6.3E-4 0 0
2420 0.058 0.319 5.92E-4 0 0
2425 0.055 0.153 0.00119 0 0
2430 0.059 0.0621 4.63E-4 0 0
2435 0.055 1.11 4.69E-4 0 0
2440 0.052 0.0718 2.96E-4 0 0
2445 0.05 0.547 2.35E-4 0 0
2450 0.051 0.998 2.23E-4 0 0
2455 0.052 0.392 1.24E-4 0 0
2460 0.049 0.195 8.6E-5 0 0
2465 0.054 0.471 5.26E-5 0 0
2470 0.049 1.06 5.93E-5 0 0
2475 0.054 0.907 1.85E-5 0 0
2480 0.051 1.5 2.35E-5 0 0
2485 0.048 2.87 8.04E-5 0 0
2490 0.055 3.87 5.26E-5 0 0
2495 0.047 4.1 2.35E-5 0 0
2500 0.0512 1.8 4.32E-5 0 0
2505 0.0505 3.16 1.5E-5 0 0
2510 0.0491 3.28 1.85E-5 0 0
2515 0.0478 9.45 2.47E-5 0 0
2520 0.0469 3.72 2.35E-5 0 0
2525 0.0463 9.35 1.97E-5 0 0
2530 0.0466 32.9 1.85E-5 0 0
2535 0.046 30.8 2.61E-5 0 0
2540 0.0461 18.4 1.29E-5 0 0
2545 0.0458 87.1 1.18E-5 0 0
2550 0.0455 92.6 3.72E-5 0 0
2555 0.0452 31.6 9.94E-5 0 0
2560 0.0445 154 4.16E-4 0 0
2565 0.0443 221 4.85E-4 0 0
2570 0.0439 280 4.69E-4 0 0
2575 0.0433 397 4.01E-4 0 0
2580 0.043 237 1.18E-4 0 0
2585 0.0425 695 5.2E-4 0 0
2590 0.0422 444 0.00128 0 0
2595 0.0419 1530 8.57E-4 0 0
2600 0.0417 343 0.00105 0 0
2605 0.0416 1630 5.13E-4 0 0
2610 0.0413 678 7.64E-4 0 0
2615 0.0411 877 1E-3 0 0
2620 0.0409 1010 5.16E-4 0 0
2625 0.0404 324 3.37E-4 0 0
2630 0.04 1210 2.96E-4 0 0
2635 0.0396 284 1.91E-4 0 0
2640 0.0391 96.5 7.67E-5 0 0
2645 0.0389 246 4.17E-5 0 0
2650 0.0387 134 6.61E-5 0 0
2655 0.0386 419 3.55E-4 0 0
2660 0.0384 667 0.00978 0 0
2665 0.0383 1800 0.176 0 0
2670 0.0382 2130 0.939 0 0
2675 0.0378 1160 4.49 0 0
2680 0.0375 936 8.68 0 0
2685 0.0372 581 13 0 0
2690 0.0368 253 4.1 0 0
2695 0.0365 1100 5.03 0 0
2700 0.036 318 10.5 0 0
2705 0.0359 146 6.72 0 0
2710 0.0357 1310 3.57 0 0
2715 0.0356 223 1.55 0 0
2720 0.0355 1440 0.473 0 0
2725 0.0353 864 0.293 0 0
2730 0.0352 78.4 0.184 0 0
2735 0.0349 319 0.226 0 0
2740 0.0348 1490 0.354 0 0
2745 0.0346 220 1.06 0 0
2750 0.0345 180 2.49 0 0
2755 0.0343 790 6.76 0 0
2760 0.0341 265 8.2 0 0
2765 0.0338 635 3.4 0 0
2770 0.0336 386 2.32 0 0
2775 0.0333 161 6.55 0 0
2780 0.0329 302 6.05 0 0
2785 0.0327 219 3.59 0 0
2790 0.0324 140 1.97 0 0
2795 0.0321 77.4 1.26 0 0
2800 0.032 84.1 0.75 0 0
2805 0.0318 335 0.635 0 0
2810 0.0317 42.4 0.438 0 0
2815 0.0316 61.3 0.348 0 0
2820 0.0314 139 0.256 0 0
2825 0.0312 16.6 0.161 0 0
2830 0.0311 15.4 0.105 0 0
2835 0.0308 105 0.0489 0 0
2840 0.0306 37.6 0.0588 0 0
2845 0.0303 9.18 0.0601 0 0
2850 0.03 38.3 0.0571 0 0
2855 0.0297 55.7 0.0516 0 0
2860 0.0294 11.4 0.0535 0 0
2865 0.0292 4.89 0.0556 0 0
2870 0.029 20 0.0321 0 0
2875 0.0288 7.31 0.0207 0 0
2880 0.0287 4.38 0.0231 0 0
2885 0.0285 5.09 0.0212 0 0
2890 0.0284 8.42 0.0168 0 0
2895 0.0283 2.31 0.00856 0 0
2900 0.0282 15.4 0.00526 0 0
2905 0.0281 11 0.00241 0 0
2910 0.0279 2.31 9.89E-4 0 0
2915 0.0276 4.65 3.93E-4 0 0
2920 0.0274 2.05 1.75E-4 0 0
2925 0.0272 4.73 9.36E-5 0 0
2930 0.0269 1.16 5.1E-5 0 0
2935 0.0266 1.03 2.22E-5 0 0
2940 0.0264 2.49 1.08E-5 0 0
2945 0.0261 5.02 3.57E-5 0 0
2950 0.0259 1.28 1.52E-4 0 0
2955 0.0258 1.97 4.66E-4 0 0
2960 0.0256 1.06 8.76E-4 0 0
2965 0.0255 0.61 0.00112 0 0
2970 0.0254 8.81 0.00105 0 0
2975 0.0253 4.43 0.00144 0 0
2980 0.0251 2.14 0.00197 0 0
2985 0.025 0.539 0.00126 0 0
2990 0.0249 0.35 6.64E-4 0 0
2995 0.0248 1.45 6.3E-4 0 0
3000 0.0247 0.62 1.28E-4 0 0
3005 0.0245 1.48 1.41E-4 0 0
3010 0.0244 0.658 2.48E-4 0 0
3015 0.0243 0.783 2.64E-4 0 0
3020 0.0241 7.03 1.72E-4 0 0
3025 0.024 0.561 1.05E-4 0 0
3030 0.0239 0.923 3.87E-5 0 0
3035 0.0238 1.63 1.29E-5 0 0
3040 0.0237 2.44 4.42E-6 0 0
3045 0.0236 1.34 1.66E-6 0 0
3050 0.0235 4.95 6.22E-7 0 0
3055 0.0235 7.01 3.66E-6 0 0
3060 0.0234 0.716 2.33E-7 0 0
3065 0.0232 1.38 2.33E-7 0 0
3070 0.0231 2.94 2.33E-7 0 0
3075 0.023 0.78 1.1E-6 0 0
3080 0.0228 1.17 6.22E-7 0 0
3085 0.0226 2.54 0 0 0
3090 0.0224 1.95 1.66E-6 0 0
3095 0.0222 5.11 2.27E-6 0 0
3100 0.022 1.04 1.66E-6 0 0
3105 0.0218 4.13 1.08E-5 0 0
3110 0.0216 5.11 2.35E-5 0 0
3115 0.0214 1.81 3.87E-5 0 0
3120 0.0212 0.328 4.94E-5 7.78E-4 0
3125 0.021 1.22 2.25E-4 0.00877 0
3130 0.0209 0.647 1.39E-4 0.00955 0
3135 0.0208 0.228 2.9E-4 0.00331 0
3140 0.0206 1.03 6.57E-4 0.00389 0
3145 0.0205 1.2 2.99E-4 0.00467 0
3150 0.0204 0.48 0.00232 0.00487 0
3155 0.0203 0.606 7.68E-4 0.00448 0
3160 0.0202 0.231 0.00486 0.0037 0
3165 0.0202 0.0531 0.00791 0.00272 0
3170 0.0201 0.11 0.00266 0.00214 0
3175 0.02 0.191 0.0136 0.00156 0
3180 0.0199 0.2 0.00277 0.00136 0
3185 0.0198 0.193 0.0316 0.00117 0
3190 0.0198 0.735 0.00506 0.00117 0
3195 0.0197 1.28 0.0335 0.00117 0
3200 0.0196 6.08 0.0148 0.00156 0
3205 0.0195 9.09 0.0269 0.00136 0
3210 0.0194 8.22 0.0362 0.00175 0
3215 0.0193 4.44 0.0148 0.00117 0
3220 0.0192 1.75 0.0638 0.00136 0
3225 0.0191 7.16 0.00802 0.00195 0
3230 0.0191 5.05 0.0493 0.00896 0
3235 0.019 0.356 0.00772 0.0037 0
3240 0.019 0.579 0.0678 0.00156 0
3245 0.0189 4.54 0.00655 0.00117 0
3250 0.0189 0.683 0.055 0.00175 0
3255 0.0187 0.19 0.00692 0.00233 0
3260 0.0186 1.22 0.0659 0.00233 0
3265 0.0185 1.9 0.00618 0.00253 0
3270 0.0184 1.55 0.053 0.0862 0
3275 0.0183 0.571 0.00257 0.168 0
3280 0.0182 0.767 0.0288 0.0775 0
3285 0.0182 0.136 0.00213 0.0482 0
3290 0.0182 0.15 0.0167 0.0622 0
3295 0.0181 1.73 0.00285 0.0666 0
3300 0.0179 1.36 0.0159 0.0672 0
3305 0.0177 0.818 0.00628 0.0564 0
3310 0.0175 0.384 0.0712 0.0458 0
3315 0.0174 0.51 0 0.0375 0
3320 0.0172 5.71 0.257 0.0258 0
3325 0.017 0.405 0.0828 0.0191 0
3330 0.0168 0.431 0.00967 0.0131 0
3335 0.0167 0.0795 0.0227 0.00877 0
3340 0.0165 0.603 0.00171 0.00584 0
3345 0.0164 0.557 0.0399 0.00389 0
3350 0.0162 0.185 0.00335 0.00233 0
3355 0.0161 0.45 0.0384 0.00156 0
3360 0.0159 0.379 0.00785 9.72E-4 0
3365 0.0159 0.236 0.00733 5.83E-4 0
3370 0.0158 0.232 0.069 3.89E-4 0
3375 0.0157 0.136 0.00548 1.94E-4 0
3380 0.0156 0.0831 0.0912 1.94E-4 0
3385 0.0156 0.135 0.00942 1.94E-4 0
3390 0.0155 0.0135 0.0306 1.94E-4 0
3395 0.0155 0.0318 0.0169 1.94E-4 0
3400 0.0154 0.0145 0.00613 1.94E-4 0
3405 0.0153 0.115 0.0763 1.94E-4 0
3410 0.0152 0.169 0.00599 1.94E-4 0
3415 0.0152 0.0195 0.0555 1.94E-4 0
3420 0.0151 0.00718 0.00723 1.94E-4 0
3425 0.015 0.00788 0.0255 1.94E-4 0
3430 0.0149 0.00394 0.0431 1.94E-4 0
3435 0.0148 0.0193 0.00377 3.89E-4 0
3440 0.0147 0.0123 0.0414 3.89E-4 0
3445 0.0147 0.0201 0.00544 3.89E-4 0
3450 0.0146 0.00383 0.015 1.94E-4 0
3455 0.0146 0.0284 0.0236 1.94E-4 0
3460 0.0145 0.0121 0.00171 1.94E-4 0
3465 0.0145 0.00392 0.0273 1.94E-4 0
3470 0.0144 0.00882 0.00439 1.94E-4 0
3475 0.0143 0.0107 0.00926 1.94E-4 0
3480 0.0142 0.00546 0.0122 1.94E-4 0
3485 0.0142 0.0076 0.00384 1.94E-4 0
3490 0.0141 0.0133 0.0116 1.94E-4 0
3495 0.0141 0.00692 0.00384 1.94E-4 0
3500 0.014 0.00863 0.00322 1.94E-4 0
3505 0.0139 0.00794 0.00389 1.94E-4 0
3510 0.0138 0.01 0.00175 1.94E-4 0
3515 0.0138 0.0207 9.26E-4 1.94E-4 0
3520 0.0137 0.0106 0.00111 0 0
3525 0.0137 0.0157 0.00146 0 0
3530 0.0136 0.0141 0.00331 0 0
3535 0.0136 0.0215 0.00937 0 0
3540 0.0135 0.027 0.0122 0 0
3545 0.0135 0.02 0.0104 0 0
3550 0.0134 0.0202 0.00337 0 0
3555 0.0133 0.0449 0.0031 0 0
3560 0.0132 0.0134 0.00252 0 0
3565 0.0132 0.00816 0.00645 0.00292 0
3570 0.0131 0.0564 0.00381 0.0184 0
3575 0.013 0.0318 0.0101 0.0278 0
3580 0.0129 0.0122 0.00463 0.0203 0
3585 0.0129 0.0261 0.00697 0.00818 0
3590 0.0128 0.0299 0.00314 0.0162 0
3595 0.0128 0.0238 0.00183 0.00974 0
3600 0.0127 0.0154 0.00123 0.0113 0
3605 0.0127 0.00692 0.00589 0.0148 0
3610 0.0126 0.0258 0.00284 0.0141 0
3615 0.0126 0.0274 7.24E-4 0.0119 0
3620 0.0125 0.00405 6.33E-4 0.00896 0
3625 0.0125 0.0104 0.00302 0.0076 0
3630 0.0124 0.0182 0.00139 0.00506 0
3635 0.0124 0.0151 6.96E-4 0.0037 0
3640 0.0123 0.004 6.61E-4 0.00253 0
3645 0.0123 0.00371 0.00399 0.00195 0
3650 0.0122 0.0098 0.00246 0.00195 0
3655 0.0122 0.00859 2.96E-4 0.00389 0
3660 0.0121 0.00728 2.03E-4 0.00117 0
3665 0.0121 0.00942 0.0024 5.83E-4 0
3670 0.012 0.0588 0.00176 1.94E-4 0
3675 0.012 0.251 1.3E-4 5.83E-4 0
3680 0.0119 0.066 2.2E-4 5.83E-4 0
3685 0.0118 0.0235 0.00157 5.83E-4 0
3690 0.0117 0.0153 0.00177 5.83E-4 0
3695 0.0117 0.0124 2.53E-4 3.89E-4 0
3700 0.0116 0.00359 2.53E-4 3.89E-4 0
3705 0.0116 0.00355 6.82E-4 3.89E-4 0
3710 0.0115 0.0143 0.00194 3.89E-4 0
3715 0.0115 0.0159 6.3E-4 3.89E-4 0
3720 0.0114 0.00653 1.11E-4 1.94E-4 0
3725 0.0114 0.00653 6.92E-4 1.94E-4 0
3730 0.0113 0.0132 9.81E-4 1.94E-4 0
3735 0.0113 0.0289 6.89E-4 1.94E-4 0
3740 0.0112 0.0188 3.09E-4 1.94E-4 0
3745 0.0112 0.00834 4.29E-4 1.94E-4 0
3750 0.011 0.0116 5.76E-4 1.94E-4 0
3755 0.011 0.019 2.38E-4 0 0
3760 0.0109 0.0203 9.94E-5 0 0
3765 0.0109 0.0211 6.3E-4 0 0
3770 0.0108 0.0163 2.96E-4 0 0
3775 0.0108 0.0125 3.09E-4 0 0
3780 0.0107 0.00753 3.37E-4 0 0
3785 0.0107 0.0212 4.04E-4 0 0
3790 0.0106 0.0316 5.36E-4 0 0
3795 0.0106 0.0131 6.57E-4 0 0
3800 0.0105 0.00375 7.68E-4 0 0
3805 0.0105 0.00766 4.88E-4 0 0
3810 0.0104 0.0244 3.87E-4 0 0
3815 0.0104 0.0322 2.99E-4 0 0
3820 0.0103 0.00512 5.26E-4 0 0
3825 0.0103 0.00342 2.1E-4 0 0
3830 0.0102 0.00785 1.63E-4 0 0
3835 0.0102 0.0315 4.26E-4 0 0
3840 0.0101 0.00662 0.00112 0 0
3845 0.0101 0.00403 0.00242 0 0
3850 0.01 0.00337 0.00253 0 0
3855 0.01 0.00758 0.00237 0 0
3860 0.0099 0.0101 0.0063 0 0
3865 0.0099 0.00621 0.0109 0 0
3870 0.0098 0.00318 0.017 0 0
3875 0.0098 0.00674 0.0202 0 0
3880 0.0097 0.00434 0.0238 0 0
3885 0.0097 0.00503 0.0223 0 0
3890 0.0097 0.00288 0.0209 0 0
3895 0.0096 0.00387 0.0157 0 0
3900 0.0096 0.00696 0.00382 0 0
3905 0.0096 0.00346 0.0101 0 0
3910 0.0095 0.00272 0.0181 0 0
3915 0.0095 0.00357 0.0184 0 0
3920 0.0094 0.00509 0.0172 0 0
3925 0.0094 0.00299 0.0174 0 0
3930 0.0093 0.00337 0.016 0 0
3935 0.0093 0.00226 0.013 0 0
3940 0.0092 0.00261 0.0124 0 0
3945 0.0092 0.00385 0.0104 0 0
3950 0.0091 0.00378 0.00849 0 0
3955 0.0091 0.00235 0.00791 0 0
3960 0.009 0.00231 0.00689 0 0
3965 0.009 0.00252 0.00612 0 0
3970 0.0089 0.00291 0.0063 0 0
3975 0.0089 0.00287 0.00786 0 0
3980 0.0088 0.00238 0.00881 0 0
3985 0.0088 0.00223 0.00769 2E-4 0
3990 0.0088 0.00237 0.00803 2E-4 0
3995 0.0087 0.00241 0.00898 2E-4 0
4000 0.0087 0.00238 1.41E-4 2E-4 0
4005 0.0087 0.0153 1.7E-4 2E-4 0
4010 0.0086 0.0124 2.61E-4 2E-4 0
4015 0.0086 0.00359 1.68E-4 0 0
4020 0.0085 0.00355 1.77E-4 0 0
4025 0.0085 0.0143 1.86E-4 0 0
4030 0.0085 0.0159 3.93E-4 0 0
4035 0.0084 0.00653 2.74E-4 2E-4 0
4040 0.0084 0.00653 7.67E-5 2E-4 0
4045 0.0083 0.0132 1.09E-4 2E-4 0
4050 0.0083 0.0289 3.23E-4 2E-4 0
